Date,Open,High,Low,Close,Adj Close,Volume,EBIT_IFRS,EV,EBIT_EV,EV_EBIT,ROE,ROIC,ROA
2018-04-23,18.15,20.57,18.05,20.25,19.946,41313700.0,501.92,,,,17.63,11.67,4.94
2018-04-24,20.7,21.6,20.62,20.62,20.3104,5087900.0,501.92,,,,17.63,11.67,4.94
2018-04-25,20.6,20.9,19.85,20.0,19.6997,5177200.0,501.92,,,,17.63,11.67,4.94
2018-04-26,20.25,20.9,19.75,20.2,19.8967,5738200.0,501.92,,,,17.63,11.67,4.94
2018-04-27,20.44,20.63,19.73,20.63,20.3203,6204200.0,501.92,,,,17.63,11.67,4.94
2018-04-30,20.62,20.62,20.19,20.4,20.0937,174200.0,501.92,,,,17.63,11.67,4.94
2018-05-02,20.11,20.65,20.11,20.65,20.34,2227700.0,501.92,,,,17.63,11.67,4.94
2018-05-03,20.55,20.59,20.25,20.4,20.0937,1007700.0,501.92,,,,17.63,11.67,4.94
2018-05-04,20.12,20.46,20.1,20.4,20.0937,154300.0,501.92,,,,17.63,11.67,4.94
2018-05-07,20.29,21.17,19.96,20.4,20.0937,239300.0,501.92,,,,17.63,11.67,4.94
2018-05-08,20.25,20.8,20.25,20.5,20.1922,91200.0,501.92,,,,17.63,11.67,4.94
2018-05-09,20.5,20.79,20.4,20.5,20.1922,269800.0,501.92,,,,17.63,11.67,4.94
2018-05-10,20.86,20.86,20.49,20.5,20.1922,5225200.0,501.92,,,,17.63,11.67,4.94
2018-05-11,20.5,20.65,20.12,20.65,20.34,1580200.0,501.92,,,,17.63,11.67,4.94
2018-05-14,20.66,21.2,20.31,20.75,20.4385,559500.0,501.92,,,,17.63,11.67,4.94
2018-05-15,20.21,20.45,20.0,20.15,19.8475,2249300.0,501.92,,,,17.63,11.67,4.94
2018-05-16,19.86,20.2,19.86,20.2,19.8967,350400.0,501.92,,,,17.63,11.67,4.94
2018-05-17,20.21,20.75,20.2,20.72,20.4089,986600.0,501.92,,,,17.63,11.67,4.94
2018-05-18,20.37,21.18,20.37,20.75,20.4385,1187100.0,501.92,,,,17.63,11.67,4.94
2018-05-21,20.8,21.98,20.5,21.0,20.6847,4582000.0,501.92,,,,17.63,11.67,4.94
2018-05-22,21.02,21.72,21.01,21.48,21.1575,282100.0,501.92,,,,17.63,11.67,4.94
2018-05-23,21.46,22.99,21.46,22.05,21.719,2204400.0,501.92,,,,17.63,11.67,4.94
2018-05-24,21.71,22.27,21.05,22.0,21.6697,1086200.0,501.92,,,,17.63,11.67,4.94
2018-05-25,22.17,22.17,21.67,21.75,21.4235,140600.0,501.92,,,,17.63,11.67,4.94
2018-05-28,22.29,22.29,20.75,21.3,20.9802,303800.0,501.92,,,,17.63,11.67,4.94
2018-05-29,21.29,21.98,21.02,21.51,21.1871,2374100.0,501.92,,,,17.63,11.67,4.94
2018-05-30,21.61,22.45,21.1,21.5,21.1772,276300.0,501.92,,,,17.63,11.67,4.94
2018-06-01,21.66,22.35,21.33,21.99,21.6599,791400.0,501.92,,,,17.63,11.67,4.94
2018-06-04,22.38,22.87,22.01,22.2,21.8667,2224100.0,501.92,,,,17.63,11.67,4.94
2018-06-05,22.2,22.3,21.71,21.9,21.5712,1203300.0,501.92,,,,17.63,11.67,4.94
2018-06-06,21.5,22.17,21.5,21.8,21.4727,2970300.0,501.92,,,,17.63,11.67,4.94
2018-06-07,21.53,21.53,20.55,20.91,20.5961,1112800.0,501.92,,,,17.63,11.67,4.94
2018-06-08,21.3,21.89,21.01,21.25,20.931,680200.0,501.92,,,,17.63,11.67,4.94
2018-06-11,21.47,21.73,21.08,21.7,21.3742,242200.0,501.92,,,,17.63,11.67,4.94
2018-06-12,21.87,21.97,21.18,21.71,21.3841,2151900.0,501.92,,,,17.63,11.67,4.94
2018-06-13,21.39,22.38,21.39,22.19,21.8569,2890300.0,501.92,,,,17.63,11.67,4.94
2018-06-14,22.25,23.53,22.22,23.01,22.6646,1581500.0,501.92,,,,17.63,11.67,4.94
2018-06-15,23.02,23.55,21.7,23.2,22.8517,1014500.0,501.92,,,,17.63,11.67,4.94
2018-06-18,22.81,23.65,22.7,23.4,23.0487,1030500.0,501.92,,,,17.63,11.67,4.94
2018-06-19,23.4,23.99,23.13,23.6,23.2457,1440500.0,501.92,,,,17.63,11.67,4.94
2018-06-20,24.25,24.98,24.0,24.25,23.8859,2511400.0,501.92,,,,17.63,11.67,4.94
2018-06-21,24.54,25.58,23.56,23.95,23.5904,2214900.0,501.92,,,,17.63,11.67,4.94
2018-06-22,24.15,24.5,22.76,23.05,22.704,1888800.0,501.92,,,,17.63,11.67,4.94
2018-06-25,22.93,23.5,22.64,23.08,22.7335,332500.0,501.92,,,,17.63,11.67,4.94
2018-06-26,22.92,23.16,22.35,22.39,22.0539,908700.0,501.92,,,,17.63,11.67,4.94
2018-06-27,22.41,23.46,21.85,22.16,21.8273,828400.0,501.92,,,,17.63,11.67,4.94
2018-06-28,22.0,22.03,21.2,21.7,21.3742,1601900.0,501.92,,,,17.63,11.67,4.94
2018-06-29,21.98,22.21,21.2,21.6,21.2757,1262100.0,501.92,,,,17.63,11.67,4.94
2018-07-02,21.35,21.65,21.06,21.5,21.1772,474000.0,501.92,,,,17.63,11.67,4.94
2018-07-03,21.3,21.93,21.22,21.5,21.1772,776100.0,501.92,,,,17.63,11.67,4.94
2018-07-04,21.5,22.48,21.45,22.48,22.1425,33100.0,501.92,,,,17.63,11.67,4.94
2018-07-05,22.32,22.32,21.56,22.07,21.7387,278400.0,501.92,,,,17.63,11.67,4.94
2018-07-06,21.85,22.28,21.64,21.83,21.5023,162900.0,501.92,,,,17.63,11.67,4.94
2018-07-10,21.61,22.14,21.56,22.0,21.6697,283500.0,501.92,,,,17.63,11.67,4.94
2018-07-11,22.14,22.55,21.91,22.38,22.044,465700.0,501.92,,,,17.63,11.67,4.94
2018-07-12,22.25,23.1,21.92,23.06,22.7138,431900.0,501.92,,,,17.63,11.67,4.94
2018-07-13,23.19,24.48,23.0,23.85,23.4919,252600.0,501.92,,,,17.63,11.67,4.94
2018-07-16,23.6,24.08,23.44,24.0,23.6397,2442200.0,501.92,,,,17.63,11.67,4.94
2018-07-17,24.0,24.23,23.95,24.1,23.7382,807000.0,501.92,,,,17.63,11.67,4.94
2018-07-18,23.92,24.32,23.91,24.31,23.945,503400.0,501.92,,,,17.63,11.67,4.94
2018-07-19,24.54,25.39,24.25,24.65,24.2799,1549600.0,501.92,,,,17.63,11.67,4.94
2018-07-20,25.25,25.76,25.04,25.28,24.9005,553200.0,501.92,,,,17.63,11.67,4.94
2018-07-23,25.43,25.43,24.77,24.77,24.3981,578900.0,501.92,,,,17.63,11.67,4.94
2018-07-24,25.14,25.15,23.85,24.5,24.1322,831200.0,501.92,,,,17.63,11.67,4.94
2018-07-25,24.53,24.75,24.5,24.5,24.1322,688800.0,501.92,,,,17.63,11.67,4.94
2018-07-26,24.52,24.64,24.24,24.5,24.1322,3069100.0,501.92,,,,17.63,11.67,4.94
2018-07-27,24.6,25.39,24.51,24.7,24.3292,270500.0,501.92,,,,17.63,11.67,4.94
2018-07-30,25.13,25.15,24.4,24.4,24.0337,495700.0,501.92,,,,17.63,11.67,4.94
2018-07-31,24.4,24.59,23.15,24.5,24.1322,794400.0,501.92,,,,17.63,11.67,4.94
2018-08-01,24.56,24.84,23.61,24.5,24.1322,1190600.0,501.92,,,,17.63,11.67,4.94
2018-08-02,24.7,24.95,24.31,24.5,24.1322,907300.0,501.92,,,,17.63,11.67,4.94
2018-08-03,24.73,25.06,24.51,24.82,24.4474,87100.0,501.92,,,,17.63,11.67,4.94
2018-08-06,25.0,25.0,24.5,24.5,24.1322,93400.0,501.92,,,,17.63,11.67,4.94
2018-08-07,24.5,24.67,22.9,24.0,23.6397,4768400.0,501.92,,,,17.63,11.67,4.94
2018-08-08,23.72,24.07,23.6,24.0,23.6397,589700.0,501.92,,,,17.63,11.67,4.94
2018-08-09,24.29,24.67,23.53,24.0,23.6397,567800.0,501.92,,,,17.63,11.67,4.94
2018-08-10,24.17,24.2,23.45,24.0,23.6397,1033700.0,501.92,,,,17.63,11.67,4.94
2018-08-13,24.0,24.5,24.0,24.25,23.8859,75800.0,501.92,,,,17.63,11.67,4.94
2018-08-14,24.17,24.86,23.66,24.25,23.8859,335500.0,501.92,,,,17.63,11.67,4.94
2018-08-15,24.0,25.05,23.92,24.6,24.2307,1050100.0,501.92,,,,17.63,11.67,4.94
2018-08-16,24.6,25.6,24.42,25.6,25.2157,1382800.0,501.92,,,,17.63,11.67,4.94
2018-08-17,25.6,25.75,25.29,25.63,25.2452,743400.0,501.92,,,,17.63,11.67,4.94
2018-08-20,25.59,25.92,25.4,25.75,25.3634,436700.0,501.92,,,,17.63,11.67,4.94
2018-08-21,25.68,25.68,24.32,25.02,24.6444,842500.0,501.92,,,,17.63,11.67,4.94
2018-08-22,24.93,25.1,24.7,24.9,24.5262,259700.0,501.92,,,,17.63,11.67,4.94
2018-08-23,24.91,25.22,23.83,24.05,23.6889,611600.0,501.92,,,,17.63,11.67,4.94
2018-08-24,24.35,24.73,24.34,24.46,24.0928,101800.0,501.92,,,,17.63,11.67,4.94
2018-08-27,24.72,24.99,24.43,24.8,24.4277,127500.0,501.92,,,,17.63,11.67,4.94
2018-08-28,25.54,25.69,24.85,25.6,25.2157,150200.0,501.92,,,,17.63,11.67,4.94
2018-08-29,25.51,25.63,25.09,25.34,24.9596,762900.0,501.92,,,,17.63,11.67,4.94
2018-08-30,25.11,25.24,25.0,25.05,24.6739,809700.0,501.92,,,,17.63,11.67,4.94
2018-08-31,25.02,25.5,24.72,25.5,25.1172,2457700.0,501.92,,,,17.63,11.67,4.94
2018-09-03,25.11,25.75,25.1,25.15,24.7724,129800.0,501.92,,,,17.63,11.67,4.94
2018-09-04,25.24,25.24,24.01,24.5,24.1322,652700.0,501.92,,,,17.63,11.67,4.94
2018-09-05,24.22,24.89,24.22,24.52,24.1519,112900.0,501.92,,,,17.63,11.67,4.94
2018-09-06,25.88,26.45,25.2,25.2,24.8217,1884200.0,501.92,,,,17.63,11.67,4.94
2018-09-10,25.3,25.74,24.96,25.22,24.8414,2087500.0,501.92,,,,17.63,11.67,4.94
2018-09-11,25.41,25.48,25.13,25.42,25.0384,699200.0,501.92,,,,17.63,11.67,4.94
2018-09-12,25.45,25.76,25.26,25.26,24.8808,1858500.0,501.92,,,,17.63,11.67,4.94
2018-09-13,25.4,25.4,24.22,24.69,24.3193,400300.0,501.92,,,,17.63,11.67,4.94
2018-09-14,24.87,25.44,24.32,25.29,24.9103,142500.0,501.92,,,,17.63,11.67,4.94
2018-09-17,25.29,25.75,25.17,25.6,25.2157,617500.0,501.92,,,,17.63,11.67,4.94
2018-09-18,25.15,25.62,25.15,25.4,25.0187,449700.0,501.92,,,,17.63,11.67,4.94
2018-09-19,25.15,25.4,25.01,25.25,24.8709,626700.0,501.92,,,,17.63,11.67,4.94
2018-09-20,25.27,25.73,25.16,25.5,25.1172,355100.0,501.92,,,,17.63,11.67,4.94
2018-09-21,25.42,26.0,25.41,25.6,25.2157,943300.0,501.92,,,,17.63,11.67,4.94
2018-09-24,25.66,26.63,25.01,25.8,25.4127,1117500.0,501.92,,,,17.63,11.67,4.94
2018-09-25,25.54,26.7,25.54,26.5,26.1022,175000.0,501.92,,,,17.63,11.67,4.94
2018-09-26,26.7,28.0,26.7,27.5,27.0871,444600.0,501.92,,,,17.63,11.67,4.94
2018-09-27,27.5,27.88,26.6,26.93,26.5257,683900.0,501.92,,,,17.63,11.67,4.94
2018-09-28,26.88,27.48,25.05,26.37,25.9741,2154700.0,501.92,,,,17.63,11.67,4.94
2018-10-01,26.54,26.68,26.16,26.49,26.0923,380500.0,501.92,,,,17.63,11.67,4.94
2018-10-02,26.36,27.06,25.65,25.65,25.2649,595100.0,501.92,,,,17.63,11.67,4.94
2018-10-03,26.25,26.32,25.07,25.2,24.8217,499400.0,501.92,,,,17.63,11.67,4.94
2018-10-04,25.2,25.68,24.49,24.49,24.1223,367300.0,501.92,,,,17.63,11.67,4.94
2018-10-05,24.65,24.97,22.72,23.52,23.1669,341500.0,501.92,,,,17.63,11.67,4.94
2018-10-08,24.15,24.7,23.66,24.46,24.0928,1264700.0,501.92,,,,17.63,11.67,4.94
2018-10-09,24.71,25.54,24.25,24.63,24.2602,806800.0,501.92,,,,17.63,11.67,4.94
2018-10-10,24.51,25.46,24.18,24.27,23.9056,473000.0,501.92,,,,17.63,11.67,4.94
2018-10-11,24.35,24.68,23.12,24.02,23.6594,403500.0,501.92,,,,17.63,11.67,4.94
2018-10-15,24.37,24.78,23.83,24.27,23.9056,6671600.0,501.92,,,,17.63,11.67,4.94
2018-10-16,24.4,24.41,23.73,24.27,23.9056,831700.0,501.92,,,,17.63,11.67,4.94
2018-10-17,24.25,24.67,24.0,24.26,23.8958,855900.0,501.92,,,,17.63,11.67,4.94
2018-10-18,24.3,24.78,24.07,24.45,24.0829,1114800.0,501.92,,,,17.63,11.67,4.94
2018-10-19,24.74,24.74,24.1,24.45,24.0829,413800.0,501.92,,,,17.63,11.67,4.94
2018-10-22,25.0,25.0,23.85,24.47,24.1026,567600.0,501.92,,,,17.63,11.67,4.94
2018-10-23,24.39,24.47,23.74,24.0,23.6397,454600.0,501.92,,,,17.63,11.67,4.94
2018-10-24,24.13,24.18,23.15,23.6,23.2457,511500.0,501.92,,,,17.63,11.67,4.94
2018-10-25,23.77,24.24,23.6,23.74,23.3836,363700.0,501.92,,,,17.63,11.67,4.94
2018-10-26,23.9,24.12,23.52,24.0,23.6397,806900.0,501.92,,,,17.63,11.67,4.94
2018-10-29,23.99,24.52,23.89,23.99,23.6298,617300.0,501.92,,,,17.63,11.67,4.94
2018-10-30,24.15,24.39,22.66,23.8,23.4427,1771400.0,501.92,,,,17.63,11.67,4.94
2018-10-31,24.13,24.86,23.12,24.13,23.7677,461300.0,501.92,,,,17.63,11.67,4.94
2018-11-01,24.42,25.38,24.1,24.52,24.1519,570900.0,501.92,,,,17.63,11.67,4.94
2018-11-05,24.5,25.74,24.36,25.14,24.7626,224000.0,501.92,,,,17.63,11.67,4.94
2018-11-06,24.91,25.03,24.32,24.4,24.0337,533000.0,501.92,,,,17.63,11.67,4.94
2018-11-07,24.19,25.45,24.19,25.33,24.9497,795400.0,501.92,,,,17.63,11.67,4.94
2018-11-08,25.14,25.94,25.03,25.76,25.3733,612900.0,501.92,,,,17.63,11.67,4.94
2018-11-09,25.95,26.85,25.66,26.55,26.1514,1021800.0,501.92,,,,17.63,11.67,4.94
2018-11-12,26.47,26.47,25.97,26.4,26.0037,280600.0,501.92,,,,17.63,11.67,4.94
2018-11-13,26.8,28.28,26.37,27.94,27.5205,1480200.0,501.92,,,,17.63,11.67,4.94
2018-11-14,27.68,27.68,26.78,27.36,26.9492,2037600.0,501.92,,,,17.63,11.67,4.94
2018-11-16,27.63,28.17,27.01,27.6,27.1856,1004300.0,501.92,,,,17.63,11.67,4.94
2018-11-19,27.6,27.86,27.27,27.33,26.9197,1192600.0,501.92,,,,17.63,11.67,4.94
2018-11-21,27.09,27.5,25.73,26.0,25.6097,1868100.0,501.92,,,,17.63,11.67,4.94
2018-11-22,26.0,27.25,24.36,26.65,26.2499,1271500.0,501.92,,,,17.63,11.67,4.94
2018-11-23,26.65,26.67,25.97,26.2,25.8067,764200.0,501.92,,,,17.63,11.67,4.94
2018-11-26,25.89,26.41,24.97,25.23,24.8512,494900.0,501.92,,,,17.63,11.67,4.94
2018-11-27,25.55,26.23,25.35,26.09,25.6983,1203400.0,501.92,,,,17.63,11.67,4.94
2018-11-28,26.23,27.67,25.85,27.5,27.0871,1222500.0,501.92,,,,17.63,11.67,4.94
2018-11-29,27.45,28.0,26.91,27.8,27.3826,604600.0,501.92,,,,17.63,11.67,4.94
2018-11-30,28.01,28.2,27.59,27.9,27.4811,1027800.0,501.92,,,,17.63,11.67,4.94
2018-12-03,27.94,29.42,27.94,28.3,27.8751,645200.0,501.92,,,,17.63,11.67,4.94
2018-12-04,28.58,29.83,28.35,28.42,27.9933,1268000.0,501.92,,,,17.63,11.67,4.94
2018-12-05,28.31,28.44,27.13,27.29,26.8803,746700.0,501.92,,,,17.63,11.67,4.94
2018-12-06,26.76,27.93,26.15,27.93,27.5107,5535300.0,501.92,,,,17.63,11.67,4.94
2018-12-07,27.93,27.93,27.3,27.45,27.0379,8637800.0,501.92,,,,17.63,11.67,4.94
2018-12-10,27.48,27.56,27.0,27.46,27.0477,3263100.0,501.92,,,,17.63,11.67,4.94
2018-12-11,27.3,27.7,27.29,27.6,27.1856,1305800.0,501.92,,,,17.63,11.67,4.94
2018-12-12,27.61,28.4,27.61,28.4,27.9736,1234100.0,501.92,,,,17.63,11.67,4.94
2018-12-13,28.23,28.23,27.85,28.23,27.8062,1852300.0,501.92,,,,17.63,11.67,4.94
2018-12-14,28.25,29.5,28.06,29.0,28.5646,1082100.0,501.92,,,,17.63,11.67,4.94
2018-12-17,28.82,29.09,28.67,28.9,28.4661,2219600.0,501.92,,,,17.63,11.67,4.94
2018-12-18,28.96,29.14,28.7,29.0,28.5646,1420100.0,501.92,,,,17.63,11.67,4.94
2018-12-19,30.0,30.05,29.59,29.81,29.3625,4580900.0,501.92,,,,17.63,11.67,4.94
2018-12-20,30.0,30.44,28.42,29.11,28.673,7926300.0,501.92,,,,17.63,11.67,4.94
2018-12-21,29.4,29.6,27.83,28.24,27.816,6936600.0,501.92,,,,17.63,11.67,4.94
2018-12-26,28.34,28.8,28.01,28.35,27.9244,1583700.0,501.92,,,,17.63,11.67,4.94
2018-12-27,28.4,28.72,27.98,27.98,27.5599,1183400.0,501.92,,,,17.63,11.67,4.94
2018-12-28,28.44,29.24,28.37,29.08,28.6434,1351300.0,501.92,,,,17.63,11.67,4.94
2019-01-02,29.08,29.72,29.02,29.56,29.1162,1826000.0,617.46,15197.26,0.04,24.61,14.28,12.43,5.8
2019-01-03,29.31,29.85,29.23,29.5,29.0571,1298000.0,617.46,15197.26,0.04,24.61,14.28,12.43,5.8
2019-01-04,29.83,30.21,28.56,29.51,29.067,2588600.0,617.46,15197.26,0.04,24.61,14.28,12.43,5.8
2019-01-07,29.7,30.0,28.3,29.1,28.6631,2518700.0,617.46,15197.26,0.04,24.61,14.28,12.43,5.8
2019-01-08,29.2,29.75,29.11,29.5,29.0571,7258800.0,617.46,15197.26,0.04,24.61,14.28,12.43,5.8
2019-01-09,29.7,30.94,29.68,30.93,30.4657,3774700.0,617.46,15197.26,0.04,24.61,14.28,12.43,5.8
2019-01-10,31.5,31.86,30.32,31.8,31.3226,1955900.0,617.46,15197.26,0.04,24.61,14.28,12.43,5.8
2019-01-11,31.81,31.96,31.51,31.85,31.3718,2741100.0,617.46,15197.26,0.04,24.61,14.28,12.43,5.8
2019-01-14,31.9,32.65,31.9,32.46,31.9727,1812800.0,617.46,15197.26,0.04,24.61,14.28,12.43,5.8
2019-01-15,32.6,33.67,32.4,33.32,32.8198,3175500.0,617.46,15197.26,0.04,24.61,14.28,12.43,5.8
2019-01-16,33.28,34.18,32.91,34.0,33.4896,2475700.0,617.46,15197.26,0.04,24.61,14.28,12.43,5.8
2019-01-17,34.11,34.28,33.35,33.99,33.4797,3966100.0,617.46,15197.26,0.04,24.61,14.28,12.43,5.8
2019-01-18,34.05,35.65,33.65,34.9,34.3761,3559800.0,617.46,15197.26,0.04,24.61,14.28,12.43,5.8
2019-01-21,34.9,35.1,34.03,34.5,33.9821,762200.0,617.46,15197.26,0.04,24.61,14.28,12.43,5.8
2019-01-22,34.51,34.51,33.54,33.7,33.1941,7606100.0,617.46,15197.26,0.04,24.61,14.28,12.43,5.8
2019-01-23,34.19,34.19,33.71,33.8,33.2926,1639700.0,617.46,15197.26,0.04,24.61,14.28,12.43,5.8
2019-01-24,34.08,34.61,33.85,34.61,34.0904,1261300.0,617.46,15197.26,0.04,24.61,14.28,12.43,5.8
2019-01-28,34.6,34.95,33.64,33.99,33.4797,10688000.0,617.46,15197.26,0.04,24.61,14.28,12.43,5.8
2019-01-29,34.27,34.47,32.62,32.75,32.2583,3466300.0,617.46,15197.26,0.04,24.61,14.28,12.43,5.8
2019-01-30,32.95,34.09,32.89,33.84,33.332,891200.0,617.46,15197.26,0.04,24.61,14.28,12.43,5.8
2019-01-31,33.85,34.14,33.44,33.58,33.0759,1558300.0,617.46,15197.26,0.04,24.61,14.28,12.43,5.8
2019-02-01,33.58,34.22,33.56,34.0,33.4896,497000.0,617.46,15197.26,0.04,24.61,14.28,12.43,5.8
2019-02-04,34.0,34.8,33.77,34.7,34.1791,724800.0,617.46,15197.26,0.04,24.61,14.28,12.43,5.8
2019-02-05,34.75,34.95,34.27,34.7,34.1791,486400.0,617.46,15197.26,0.04,24.61,14.28,12.43,5.8
2019-02-06,34.68,34.68,33.03,33.35,32.8493,552000.0,617.46,15197.26,0.04,24.61,14.28,12.43,5.8
2019-02-07,33.4,34.06,33.16,33.55,33.0463,1007300.0,617.46,15197.26,0.04,24.61,14.28,12.43,5.8
2019-02-08,33.75,33.77,32.86,33.51,33.0069,981600.0,617.46,15197.26,0.04,24.61,14.28,12.43,5.8
2019-02-11,33.52,33.6,31.61,32.45,31.9628,1180000.0,617.46,15197.26,0.04,24.61,14.28,12.43,5.8
2019-02-12,32.86,33.02,32.09,32.31,31.8249,1263600.0,617.46,15197.26,0.04,24.61,14.28,12.43,5.8
2019-02-13,32.69,32.98,32.17,32.83,32.3371,841700.0,617.46,15197.26,0.04,24.61,14.28,12.43,5.8
2019-02-14,32.84,33.08,32.11,32.75,32.2583,1047600.0,617.46,15197.26,0.04,24.61,14.28,12.43,5.8
2019-02-15,32.75,32.78,32.18,32.7,32.2091,385800.0,617.46,15197.26,0.04,24.61,14.28,12.43,5.8
2019-02-18,32.52,34.2,32.52,33.8,33.2926,504300.0,617.46,15197.26,0.04,24.61,14.28,12.43,5.8
2019-02-19,33.8,33.91,33.0,33.37,32.869,595500.0,617.46,15197.26,0.04,24.61,14.28,12.43,5.8
2019-02-20,33.36,33.58,32.6,32.9,32.4061,435000.0,617.46,15197.26,0.04,24.61,14.28,12.43,5.8
2019-02-21,32.9,33.02,32.43,32.84,32.347,1488000.0,617.46,15197.26,0.04,24.61,14.28,12.43,5.8
2019-02-22,32.85,33.02,32.22,32.64,32.15,714000.0,617.46,15197.26,0.04,24.61,14.28,12.43,5.8
2019-02-25,32.64,34.47,32.37,33.3,32.8001,674700.0,617.46,15197.26,0.04,24.61,14.28,12.43,5.8
2019-02-26,33.4,34.15,32.53,33.81,33.3024,2251300.0,617.46,15197.26,0.04,24.61,14.28,12.43,5.8
2019-02-27,33.9,33.9,32.92,33.45,32.9478,1252000.0,617.46,15197.26,0.04,24.61,14.28,12.43,5.8
2019-02-28,33.54,33.55,32.27,33.22,32.7213,1307300.0,617.46,15197.26,0.04,24.61,14.28,12.43,5.8
2019-03-01,33.02,33.24,32.44,32.53,32.0416,993200.0,617.46,15197.26,0.04,24.61,14.28,12.43,5.8
2019-03-06,32.53,34.45,32.51,34.05,33.5388,1689700.0,617.46,15197.26,0.04,24.61,14.28,12.43,5.8
2019-03-07,33.99,34.95,33.32,34.24,33.726,2814200.0,617.46,15197.26,0.04,24.61,14.28,12.43,5.8
2019-03-08,34.26,34.26,32.85,33.43,32.9281,1930800.0,617.46,15197.26,0.04,24.61,14.28,12.43,5.8
2019-03-11,33.76,33.76,32.8,32.8,32.3076,2199100.0,617.46,15197.26,0.04,24.61,14.28,12.43,5.8
2019-03-12,32.99,33.11,32.5,32.82,32.3273,1362100.0,617.46,15197.26,0.04,24.61,14.28,12.43,5.8
2019-03-13,33.04,33.22,31.5,32.35,31.8643,1504900.0,617.46,15197.26,0.04,24.61,14.28,12.43,5.8
2019-03-14,32.3,33.78,31.83,32.4,31.9136,2831600.0,617.46,15197.26,0.04,24.61,14.28,12.43,5.8
2019-03-15,32.5,34.19,32.5,33.5,32.9971,9745700.0,617.46,15197.26,0.04,24.61,14.28,12.43,5.8
2019-03-18,33.82,34.33,33.09,33.4,32.8986,829600.0,617.46,15197.26,0.04,24.61,14.28,12.43,5.8
2019-03-19,33.54,35.83,32.5,35.44,34.9079,1643800.0,617.46,15197.26,0.04,24.61,14.28,12.43,5.8
2019-03-20,35.2,35.67,32.86,33.09,32.5932,18981300.0,617.46,15197.26,0.04,24.61,14.28,12.43,5.8
2019-03-21,33.3,33.56,31.87,33.0,32.5046,1505200.0,617.46,15197.26,0.04,24.61,14.28,12.43,5.8
2019-03-22,32.59,32.86,31.8,32.11,31.6279,1176300.0,617.46,15197.26,0.04,24.61,14.28,12.43,5.8
2019-03-25,32.42,33.2,31.75,32.3,31.8151,1372100.0,617.46,15197.26,0.04,24.61,14.28,12.43,5.8
2019-03-26,32.5,32.75,32.3,32.75,32.2583,760400.0,617.46,15197.26,0.04,24.61,14.28,12.43,5.8
2019-03-27,32.72,33.05,31.89,32.0,31.5196,1146100.0,617.46,15197.26,0.04,24.61,14.28,12.43,5.8
2019-03-28,32.44,32.52,31.55,32.4,31.9136,2433700.0,617.46,15197.26,0.04,24.61,14.28,12.43,5.8
2019-03-29,32.46,33.15,32.01,32.8,32.458,2062300.0,617.46,15197.26,0.04,24.61,14.28,12.43,5.8
2019-04-01,33.05,33.89,32.84,33.4,33.0517,1627600.0,617.46,15197.26,0.04,24.61,14.28,12.43,5.8
2019-04-02,33.4,33.44,32.39,33.0,32.6559,1080200.0,617.46,15197.26,0.04,24.61,14.28,12.43,5.8
2019-04-03,32.95,34.47,32.95,33.9,33.5465,2205200.0,617.46,15197.26,0.04,24.61,14.28,12.43,5.8
2019-04-04,33.9,34.65,33.53,34.05,33.6949,1773700.0,617.46,15197.26,0.04,24.61,14.28,12.43,5.8
2019-04-05,34.3,35.13,33.36,34.0,33.6455,1086800.0,617.46,15197.26,0.04,24.61,14.28,12.43,5.8
2019-04-08,33.56,34.37,32.85,32.9,32.5569,3622500.0,617.46,15197.26,0.04,24.61,14.28,12.43,5.8
2019-04-09,32.96,33.42,32.1,32.55,32.2106,1779200.0,617.46,15197.26,0.04,24.61,14.28,12.43,5.8
2019-04-10,32.98,33.24,31.61,32.62,32.2799,1633600.0,617.46,15197.26,0.04,24.61,14.28,12.43,5.8
2019-04-11,32.94,33.95,32.4,33.86,33.5069,1585700.0,617.46,15197.26,0.04,24.61,14.28,12.43,5.8
2019-04-12,33.69,33.76,32.82,33.28,32.933,1177000.0,617.46,15197.26,0.04,24.61,14.28,12.43,5.8
2019-04-15,33.53,33.96,32.84,32.94,32.5965,613700.0,617.46,15197.26,0.04,24.61,14.28,12.43,5.8
2019-04-16,33.0,33.05,32.37,32.95,32.6064,4122800.0,617.46,15197.26,0.04,24.61,14.28,12.43,5.8
2019-04-17,32.96,33.16,31.93,32.5,32.1611,1049300.0,617.46,15197.26,0.04,24.61,14.28,12.43,5.8
2019-04-18,32.62,33.13,31.75,32.47,32.1314,1579800.0,617.46,15197.26,0.04,24.61,14.28,12.43,5.8
2019-04-22,32.47,33.52,32.47,33.15,32.8043,934400.0,617.46,15197.26,0.04,24.61,14.28,12.43,5.8
2019-04-23,33.4,33.99,33.17,33.88,33.5267,3263500.0,617.46,15197.26,0.04,24.61,14.28,12.43,5.8
2019-04-24,33.79,35.43,33.65,35.01,34.6449,2396400.0,617.46,15197.26,0.04,24.61,14.28,12.43,5.8
2019-04-25,35.18,36.58,34.9,36.0,35.6246,3151100.0,617.46,15197.26,0.04,24.61,14.28,12.43,5.8
2019-04-26,36.3,36.53,35.79,35.79,35.4168,2749700.0,617.46,15197.26,0.04,24.61,14.28,12.43,5.8
2019-04-29,35.74,36.25,34.5,34.5,34.1403,1532900.0,617.46,15197.26,0.04,24.61,14.28,12.43,5.8
2019-04-30,34.5,35.45,34.5,35.12,34.7538,1583400.0,617.46,15197.26,0.04,24.61,14.28,12.43,5.8
2019-05-02,35.12,35.89,35.06,35.42,35.0507,1579600.0,617.46,15197.26,0.04,24.61,14.28,12.43,5.8
2019-05-03,35.6,36.14,35.3,35.3,34.9319,1408500.0,617.46,15197.26,0.04,24.61,14.28,12.43,5.8
2019-05-06,35.01,35.97,34.37,34.79,34.4272,3474700.0,617.46,15197.26,0.04,24.61,14.28,12.43,5.8
2019-05-07,34.8,35.07,32.7,34.42,34.0611,3971400.0,617.46,15197.26,0.04,24.61,14.28,12.43,5.8
2019-05-08,34.39,34.99,33.67,33.99,33.6356,2361900.0,617.46,15197.26,0.04,24.61,14.28,12.43,5.8
2019-05-09,33.69,34.68,33.25,33.5,33.1507,2165700.0,617.46,15197.26,0.04,24.61,14.28,12.43,5.8
2019-05-10,33.6,34.69,33.51,34.29,33.9324,2152400.0,617.46,15197.26,0.04,24.61,14.28,12.43,5.8
2019-05-13,34.59,35.43,34.15,34.95,34.5856,1747800.0,617.46,15197.26,0.04,24.61,14.28,12.43,5.8
2019-05-14,35.1,36.99,35.1,36.5,36.1194,4625700.0,617.46,15197.26,0.04,24.61,14.28,12.43,5.8
2019-05-15,36.35,38.2,35.65,37.2,36.8121,2877000.0,617.46,15197.26,0.04,24.61,14.28,12.43,5.8
2019-05-16,36.9,38.27,36.53,36.85,36.4657,3350200.0,617.46,15197.26,0.04,24.61,14.28,12.43,5.8
2019-05-17,36.7,37.9,36.16,37.0,36.6142,3457800.0,617.46,15197.26,0.04,24.61,14.28,12.43,5.8
2019-05-20,36.9,38.52,36.5,37.0,36.6142,2824000.0,617.46,15197.26,0.04,24.61,14.28,12.43,5.8
2019-05-21,36.95,38.89,36.71,38.6,38.1975,3547000.0,617.46,15197.26,0.04,24.61,14.28,12.43,5.8
2019-05-22,38.49,39.99,38.45,38.5,38.0985,4997100.0,617.46,15197.26,0.04,24.61,14.28,12.43,5.8
2019-05-23,38.26,39.76,37.79,38.67,38.2668,3847700.0,617.46,15197.26,0.04,24.61,14.28,12.43,5.8
2019-05-24,39.09,39.29,37.85,38.38,37.9798,3351700.0,617.46,15197.26,0.04,24.61,14.28,12.43,5.8
2019-05-27,38.38,39.25,38.02,38.75,38.3459,2438600.0,617.46,15197.26,0.04,24.61,14.28,12.43,5.8
2019-05-28,39.1,40.28,38.68,40.28,39.86,34595400.0,617.46,15197.26,0.04,24.61,14.28,12.43,5.8
2019-05-29,40.2,43.02,39.57,40.85,40.424,4781200.0,617.46,15197.26,0.04,24.61,14.28,12.43,5.8
2019-05-30,41.44,41.81,40.84,41.4,40.9683,3300700.0,617.46,15197.26,0.04,24.61,14.28,12.43,5.8
2019-05-31,40.98,41.47,40.52,41.0,40.5725,3442200.0,617.46,15197.26,0.04,24.61,14.28,12.43,5.8
2019-06-03,41.69,41.69,39.75,41.0,40.5725,3447700.0,617.46,15197.26,0.04,24.61,14.28,12.43,5.8
2019-06-04,41.01,41.57,40.39,40.9,40.4735,4070400.0,617.46,15197.26,0.04,24.61,14.28,12.43,5.8
2019-06-05,40.9,40.9,39.73,40.0,39.5829,3811800.0,617.46,15197.26,0.04,24.61,14.28,12.43,5.8
2019-06-06,40.18,40.67,39.8,40.67,40.2459,2763400.0,617.46,15197.26,0.04,24.61,14.28,12.43,5.8
2019-06-07,40.8,41.79,40.4,41.79,41.3542,1511600.0,617.46,15197.26,0.04,24.61,14.28,12.43,5.8
2019-06-10,41.84,42.8,41.84,42.16,41.7204,1206600.0,617.46,15197.26,0.04,24.61,14.28,12.43,5.8
2019-06-11,42.49,42.82,41.91,42.27,41.8292,1656000.0,617.46,15197.26,0.04,24.61,14.28,12.43,5.8
2019-06-12,42.5,43.0,41.81,42.33,41.8886,3117600.0,617.46,15197.26,0.04,24.61,14.28,12.43,5.8
2019-06-13,42.25,42.65,41.67,42.3,41.8589,1371900.0,617.46,15197.26,0.04,24.61,14.28,12.43,5.8
2019-06-14,42.5,42.82,40.5,40.9,40.4735,4070800.0,617.46,15197.26,0.04,24.61,14.28,12.43,5.8
2019-06-17,40.7,42.49,40.18,41.76,41.3245,2478500.0,617.46,15197.26,0.04,24.61,14.28,12.43,5.8
2019-06-18,41.99,42.3,40.92,41.68,41.2454,1503700.0,617.46,15197.26,0.04,24.61,14.28,12.43,5.8
2019-06-19,41.0,41.24,40.22,40.98,40.5527,9737100.0,617.46,15197.26,0.04,24.61,14.28,12.43,5.8
2019-06-21,41.0,41.55,40.31,41.02,40.5923,7715200.0,617.46,15197.26,0.04,24.61,14.28,12.43,5.8
2019-06-24,41.14,41.69,40.61,40.75,40.3251,12592300.0,617.46,15197.26,0.04,24.61,14.28,12.43,5.8
2019-06-25,40.7,40.95,39.93,40.36,39.9391,4235200.0,617.46,15197.26,0.04,24.61,14.28,12.43,5.8
2019-06-26,40.45,40.9,39.55,39.9,39.4839,2439900.0,617.46,15197.26,0.04,24.61,14.28,12.43,5.8
2019-06-27,40.0,40.0,39.25,39.96,39.5433,2378700.0,617.46,15197.26,0.04,24.61,14.28,12.43,5.8
2019-06-28,39.96,40.32,39.63,40.32,39.8996,1935300.0,617.46,15197.26,0.04,24.61,14.28,12.43,5.8
2019-07-01,40.38,40.4,39.54,40.25,39.8303,2145100.0,617.46,15197.26,0.04,24.61,14.28,12.43,5.8
2019-07-02,40.35,40.35,39.26,40.25,39.8303,1307100.0,617.46,15197.26,0.04,24.61,14.28,12.43,5.8
2019-07-03,39.83,40.35,38.63,40.18,39.761,2636100.0,617.46,15197.26,0.04,24.61,14.28,12.43,5.8
2019-07-04,40.04,40.73,39.92,39.92,39.5037,833200.0,617.46,15197.26,0.04,24.61,14.28,12.43,5.8
2019-07-05,39.93,40.59,39.36,40.51,40.0876,2474700.0,617.46,15197.26,0.04,24.61,14.28,12.43,5.8
2019-07-08,40.51,42.51,40.51,42.51,42.0667,1448300.0,617.46,15197.26,0.04,24.61,14.28,12.43,5.8
2019-07-10,42.75,44.0,42.65,42.75,42.3042,5059700.0,617.46,15197.26,0.04,24.61,14.28,12.43,5.8
2019-07-11,43.14,43.62,42.39,43.0,42.5516,2593800.0,617.46,15197.26,0.04,24.61,14.28,12.43,5.8
2019-07-12,43.0,43.3,42.24,42.58,42.136,1604000.0,617.46,15197.26,0.04,24.61,14.28,12.43,5.8
2019-07-15,42.89,43.17,40.93,41.65,41.2157,2834600.0,617.46,15197.26,0.04,24.61,14.28,12.43,5.8
2019-07-16,42.0,42.4,41.36,41.5,41.0673,3604500.0,617.46,15197.26,0.04,24.61,14.28,12.43,5.8
2019-07-17,41.55,42.28,41.24,42.28,41.8391,2707000.0,617.46,15197.26,0.04,24.61,14.28,12.43,5.8
2019-07-18,42.44,42.99,41.47,42.0,41.562,4685100.0,617.46,15197.26,0.04,24.61,14.28,12.43,5.8
2019-07-19,42.0,43.07,41.56,42.26,41.8193,1523800.0,617.46,15197.26,0.04,24.61,14.28,12.43,5.8
2019-07-22,42.26,42.86,41.72,42.6,42.1558,833600.0,617.46,15197.26,0.04,24.61,14.28,12.43,5.8
2019-07-23,42.6,43.03,42.1,43.0,42.5516,1327700.0,617.46,15197.26,0.04,24.61,14.28,12.43,5.8
2019-07-24,42.99,43.0,42.33,43.0,42.5516,3108700.0,617.46,15197.26,0.04,24.61,14.28,12.43,5.8
2019-07-25,43.0,43.0,41.96,42.5,42.0568,1795500.0,617.46,15197.26,0.04,24.61,14.28,12.43,5.8
2019-07-26,42.51,43.69,42.03,43.0,42.5516,11723000.0,617.46,15197.26,0.04,24.61,14.28,12.43,5.8
2019-07-29,43.1,43.75,43.1,43.75,43.2938,1828400.0,617.46,15197.26,0.04,24.61,14.28,12.43,5.8
2019-07-30,43.8,44.33,42.95,43.08,42.6308,1581300.0,617.46,15197.26,0.04,24.61,14.28,12.43,5.8
2019-07-31,42.82,43.7,42.5,43.7,43.2443,1992500.0,617.46,15197.26,0.04,24.61,14.28,12.43,5.8
2019-08-01,43.7,44.17,42.81,42.94,42.4922,2051000.0,617.46,15197.26,0.04,24.61,14.28,12.43,5.8
2019-08-02,42.94,43.55,42.69,43.22,42.7693,1770000.0,617.46,15197.26,0.04,24.61,14.28,12.43,5.8
2019-08-05,42.53,44.25,42.42,43.09,42.6407,2368000.0,617.46,15197.26,0.04,24.61,14.28,12.43,5.8
2019-08-06,43.5,44.35,42.94,44.25,43.7886,4086100.0,617.46,15197.26,0.04,24.61,14.28,12.43,5.8
2019-08-07,44.02,45.6,43.56,44.75,44.2834,2440600.0,617.46,15197.26,0.04,24.61,14.28,12.43,5.8
2019-08-08,45.41,48.13,45.23,47.0,46.5099,8173500.0,617.46,15197.26,0.04,24.61,14.28,12.43,5.8
2019-08-09,47.0,47.7,46.93,47.15,46.6583,3872200.0,617.46,15197.26,0.04,24.61,14.28,12.43,5.8
2019-08-12,47.1,47.27,46.23,46.63,46.1438,1857500.0,617.46,15197.26,0.04,24.61,14.28,12.43,5.8
2019-08-13,47.0,47.45,46.44,46.65,46.1636,6022800.0,617.46,15197.26,0.04,24.61,14.28,12.43,5.8
2019-08-14,46.11,47.0,45.5,46.1,45.6193,3479700.0,617.46,15197.26,0.04,24.61,14.28,12.43,5.8
2019-08-15,46.11,47.0,45.6,46.42,45.936,2834900.0,617.46,15197.26,0.04,24.61,14.28,12.43,5.8
2019-08-16,46.8,47.56,46.5,47.4,46.9057,13460400.0,617.46,15197.26,0.04,24.61,14.28,12.43,5.8
2019-08-19,47.7,48.54,46.7,47.24,46.7474,4184200.0,617.46,15197.26,0.04,24.61,14.28,12.43,5.8
2019-08-20,47.5,48.09,47.02,48.0,47.4995,2175300.0,617.46,15197.26,0.04,24.61,14.28,12.43,5.8
2019-08-21,48.45,49.62,47.94,49.05,48.5385,3594200.0,617.46,15197.26,0.04,24.61,14.28,12.43,5.8
2019-08-22,49.33,51.43,49.33,50.25,49.726,2729000.0,617.46,15197.26,0.04,24.61,14.28,12.43,5.8
2019-08-23,50.07,51.25,49.53,49.93,49.4094,2784400.0,617.46,15197.26,0.04,24.61,14.28,12.43,5.8
2019-08-26,50.07,51.22,48.81,49.45,48.9344,2647700.0,617.46,15197.26,0.04,24.61,14.28,12.43,5.8
2019-08-27,50.1,50.75,48.79,50.28,49.7557,4021200.0,617.46,15197.26,0.04,24.61,14.28,12.43,5.8
2019-08-28,50.08,51.51,49.99,51.35,50.8145,1734300.0,617.46,15197.26,0.04,24.61,14.28,12.43,5.8
2019-08-29,51.84,54.53,51.46,53.85,53.2885,3301500.0,617.46,15197.26,0.04,24.61,14.28,12.43,5.8
2019-08-30,55.0,56.08,53.27,56.08,55.4952,13574200.0,617.46,15197.26,0.04,24.61,14.28,12.43,5.8
2019-09-02,55.41,57.86,55.15,57.0,56.4056,3922300.0,617.46,15197.26,0.04,24.61,14.28,12.43,5.8
2019-09-03,56.8,57.97,56.37,57.4,56.8015,4092400.0,617.46,15197.26,0.04,24.61,14.28,12.43,5.8
2019-09-04,57.71,58.46,55.55,56.0,55.4161,3389900.0,617.46,15197.26,0.04,24.61,14.28,12.43,5.8
2019-09-05,56.2,56.87,54.95,55.3,54.7234,6785400.0,617.46,15197.26,0.04,24.61,14.28,12.43,5.8
2019-09-06,56.09,56.34,54.08,54.42,53.8525,3766100.0,617.46,15197.26,0.04,24.61,14.28,12.43,5.8
2019-09-09,54.87,54.87,51.91,52.49,51.9427,3877800.0,617.46,15197.26,0.04,24.61,14.28,12.43,5.8
2019-09-10,52.26,53.13,51.76,52.5,51.9526,3433400.0,617.46,15197.26,0.04,24.61,14.28,12.43,5.8
2019-09-11,52.98,54.36,52.61,54.33,53.7635,2737400.0,617.46,15197.26,0.04,24.61,14.28,12.43,5.8
2019-09-12,54.5,54.94,52.9,53.39,52.8333,2576000.0,617.46,15197.26,0.04,24.61,14.28,12.43,5.8
2019-09-13,53.15,53.56,52.2,52.75,52.1999,1741000.0,617.46,15197.26,0.04,24.61,14.28,12.43,5.8
2019-09-16,52.5,54.55,52.07,54.55,53.9812,2849800.0,617.46,15197.26,0.04,24.61,14.28,12.43,5.8
2019-09-17,54.96,56.68,54.87,55.75,55.1687,4218500.0,617.46,15197.26,0.04,24.61,14.28,12.43,5.8
2019-09-18,55.3,55.6,54.56,54.56,53.9911,2209100.0,617.46,15197.26,0.04,24.61,14.28,12.43,5.8
2019-09-19,54.84,54.96,53.22,53.63,53.0708,1476700.0,617.46,15197.26,0.04,24.61,14.28,12.43,5.8
2019-09-20,54.0,54.48,53.77,54.01,53.4468,3148400.0,617.46,15197.26,0.04,24.61,14.28,12.43,5.8
2019-09-23,53.47,55.16,53.32,54.13,53.5656,1726300.0,617.46,15197.26,0.04,24.61,14.28,12.43,5.8
2019-09-24,54.13,54.74,52.58,52.85,52.2989,2408200.0,617.46,15197.26,0.04,24.61,14.28,12.43,5.8
2019-09-25,52.98,53.81,52.89,53.2,52.6453,4974800.0,617.46,15197.26,0.04,24.61,14.28,12.43,5.8
2019-09-26,53.31,53.49,52.87,53.2,52.6453,4883300.0,617.46,15197.26,0.04,24.61,14.28,12.43,5.8
2019-09-27,52.86,53.75,52.86,53.6,53.0411,2425100.0,617.46,15197.26,0.04,24.61,14.28,12.43,5.8
2019-09-30,53.82,54.59,53.4,54.25,53.6843,1924500.0,617.46,15197.26,0.04,24.61,14.28,12.43,5.8
2019-10-01,54.25,54.9,53.17,53.52,52.9619,1598500.0,617.46,15197.26,0.04,24.61,14.28,12.43,5.8
2019-10-02,53.85,54.6,52.77,53.5,52.9421,3086100.0,617.46,15197.26,0.04,24.61,14.28,12.43,5.8
2019-10-03,53.37,54.5,52.52,54.5,53.9317,1513100.0,617.46,15197.26,0.04,24.61,14.28,12.43,5.8
2019-10-04,54.47,57.0,54.16,56.5,55.9108,5118900.0,617.46,15197.26,0.04,24.61,14.28,12.43,5.8
2019-10-07,56.38,56.8,55.86,56.15,55.5645,2190000.0,617.46,15197.26,0.04,24.61,14.28,12.43,5.8
2019-10-08,56.21,56.9,55.28,56.27,55.6832,4170100.0,617.46,15197.26,0.04,24.61,14.28,12.43,5.8
2019-10-09,56.8,56.98,56.07,56.46,55.8713,1908000.0,617.46,15197.26,0.04,24.61,14.28,12.43,5.8
2019-10-10,56.82,58.15,56.73,57.76,57.1577,2435400.0,617.46,15197.26,0.04,24.61,14.28,12.43,5.8
2019-10-11,57.94,60.0,57.88,59.5,58.8796,5930400.0,617.46,15197.26,0.04,24.61,14.28,12.43,5.8
2019-10-14,59.69,60.15,59.07,59.55,58.929,3036100.0,617.46,15197.26,0.04,24.61,14.28,12.43,5.8
2019-10-15,59.49,61.62,59.45,60.7,60.0671,1799100.0,617.46,15197.26,0.04,24.61,14.28,12.43,5.8
2019-10-16,60.61,62.2,60.15,62.12,61.4722,4549700.0,617.46,15197.26,0.04,24.61,14.28,12.43,5.8
2019-10-17,62.2,62.82,60.73,61.62,60.9775,4707700.0,617.46,15197.26,0.04,24.61,14.28,12.43,5.8
2019-10-18,61.78,62.56,61.31,61.99,61.3436,1427600.0,617.46,15197.26,0.04,24.61,14.28,12.43,5.8
2019-10-21,61.81,62.5,60.89,62.35,61.6998,1520800.0,617.46,15197.26,0.04,24.61,14.28,12.43,5.8
2019-10-22,62.47,62.98,60.32,60.6,59.9681,3218600.0,617.46,15197.26,0.04,24.61,14.28,12.43,5.8
2019-10-23,60.89,61.08,59.35,60.15,59.5228,2433400.0,617.46,15197.26,0.04,24.61,14.28,12.43,5.8
2019-10-24,60.25,61.2,60.1,61.04,60.4035,1670300.0,617.46,15197.26,0.04,24.61,14.28,12.43,5.8
2019-10-25,61.2,61.28,59.95,60.54,59.9087,2081900.0,617.46,15197.26,0.04,24.61,14.28,12.43,5.8
2019-10-28,60.54,60.72,60.05,60.3,59.6712,1422700.0,617.46,15197.26,0.04,24.61,14.28,12.43,5.8
2019-10-29,60.5,60.5,60.0,60.3,59.6712,1604800.0,617.46,15197.26,0.04,24.61,14.28,12.43,5.8
2019-10-30,60.3,60.3,59.57,60.13,59.503,7524500.0,617.46,15197.26,0.04,24.61,14.28,12.43,5.8
2019-10-31,60.23,60.62,59.7,60.0,59.3743,1471500.0,617.46,15197.26,0.04,24.61,14.28,12.43,5.8
2019-11-01,60.59,61.4,59.67,60.85,60.2155,1721800.0,617.46,15197.26,0.04,24.61,14.28,12.43,5.8
2019-11-04,61.86,63.12,58.02,59.08,58.4639,7810300.0,617.46,15197.26,0.04,24.61,14.28,12.43,5.8
2019-11-05,59.61,59.61,58.26,59.06,58.4442,3235800.0,617.46,15197.26,0.04,24.61,14.28,12.43,5.8
2019-11-06,59.36,59.99,58.65,59.28,58.6619,1695700.0,617.46,15197.26,0.04,24.61,14.28,12.43,5.8
2019-11-07,60.0,60.47,58.66,59.04,58.4244,4412100.0,617.46,15197.26,0.04,24.61,14.28,12.43,5.8
2019-11-08,59.16,59.36,58.27,58.78,58.1671,3516300.0,617.46,15197.26,0.04,24.61,14.28,12.43,5.8
2019-11-11,58.75,59.47,58.5,59.44,58.8202,2527500.0,617.46,15197.26,0.04,24.61,14.28,12.43,5.8
2019-11-12,59.05,59.36,57.53,58.3,57.6921,4693900.0,617.46,15197.26,0.04,24.61,14.28,12.43,5.8
2019-11-13,57.8,59.08,57.68,58.8,58.1869,1951000.0,617.46,15197.26,0.04,24.61,14.28,12.43,5.8
2019-11-14,59.0,59.59,57.14,57.54,56.94,3402600.0,617.46,15197.26,0.04,24.61,14.28,12.43,5.8
2019-11-18,58.0,58.47,55.89,56.4,55.8119,2413100.0,617.46,15197.26,0.04,24.61,14.28,12.43,5.8
2019-11-19,56.68,57.19,56.41,57.0,56.4056,1424900.0,617.46,15197.26,0.04,24.61,14.28,12.43,5.8
2019-11-21,57.28,59.19,56.5,58.69,58.078,2483400.0,617.46,15197.26,0.04,24.61,14.28,12.43,5.8
2019-11-22,58.69,60.15,58.13,60.15,59.5228,1934200.0,617.46,15197.26,0.04,24.61,14.28,12.43,5.8
2019-11-25,60.15,60.33,58.6,59.85,59.2259,2242600.0,617.46,15197.26,0.04,24.61,14.28,12.43,5.8
2019-11-26,59.4,60.04,58.53,59.0,58.3848,3799700.0,617.46,15197.26,0.04,24.61,14.28,12.43,5.8
2019-11-27,59.49,59.49,57.51,57.51,56.9103,2431400.0,617.46,15197.26,0.04,24.61,14.28,12.43,5.8
2019-11-28,57.53,57.93,56.25,57.26,56.6629,1923500.0,617.46,15197.26,0.04,24.61,14.28,12.43,5.8
2019-11-29,57.25,57.9,55.92,56.69,56.0989,3661300.0,617.46,15197.26,0.04,24.61,14.28,12.43,5.8
2019-12-02,56.7,60.35,55.65,59.19,58.5728,3643200.0,617.46,15197.26,0.04,24.61,14.28,12.43,5.8
2019-12-03,59.6,60.89,58.57,60.62,59.9879,2801000.0,617.46,15197.26,0.04,24.61,14.28,12.43,5.8
2019-12-04,60.92,61.27,59.94,59.94,59.315,1412500.0,617.46,15197.26,0.04,24.61,14.28,12.43,5.8
2019-12-05,60.24,60.49,58.78,59.22,58.6025,991000.0,617.46,15197.26,0.04,24.61,14.28,12.43,5.8
2019-12-06,59.47,61.14,59.04,60.87,60.2353,1478100.0,617.46,15197.26,0.04,24.61,14.28,12.43,5.8
2019-12-09,60.89,61.81,58.71,58.74,58.1275,1883400.0,617.46,15197.26,0.04,24.61,14.28,12.43,5.8
2019-12-10,58.76,59.11,57.07,58.18,57.5733,3157100.0,617.46,15197.26,0.04,24.61,14.28,12.43,5.8
2019-12-11,58.01,58.02,57.06,57.97,57.3655,2492800.0,617.46,15197.26,0.04,24.61,14.28,12.43,5.8
2019-12-12,58.49,59.76,58.03,59.45,58.8301,10547800.0,617.46,15197.26,0.04,24.61,14.28,12.43,5.8
2019-12-13,59.76,60.25,59.3,60.0,59.3743,4752400.0,617.46,15197.26,0.04,24.61,14.28,12.43,5.8
2019-12-16,60.1,63.7,59.75,61.59,60.9478,8467700.0,617.46,15197.26,0.04,24.61,14.28,12.43,5.8
2019-12-17,61.79,64.6,61.7,63.0,62.3431,23118700.0,617.46,15197.26,0.04,24.61,14.28,12.43,5.8
2019-12-18,63.88,65.5,63.34,65.33,64.6488,7537600.0,617.46,15197.26,0.04,24.61,14.28,12.43,5.8
2019-12-19,65.35,67.38,64.45,66.7,66.0045,6056800.0,617.46,15197.26,0.04,24.61,14.28,12.43,5.8
2019-12-20,67.03,67.94,66.36,67.24,66.5389,6481000.0,617.46,15197.26,0.04,24.61,14.28,12.43,5.8
2019-12-23,67.02,68.7,66.11,66.39,65.6977,2484100.0,617.46,15197.26,0.04,24.61,14.28,12.43,5.8
2019-12-26,66.4,68.32,65.87,68.32,67.6076,1542200.0,617.46,15197.26,0.04,24.61,14.28,12.43,5.8
2019-12-27,68.96,69.36,67.02,69.14,68.419,1931700.0,617.46,15197.26,0.04,24.61,14.28,12.43,5.8
2019-12-30,68.5,69.92,67.94,68.25,67.5383,3204200.0,617.46,15197.26,0.04,24.61,14.28,12.43,5.8
2020-01-02,69.3,72.0,68.69,71.66,70.9128,4014800.0,906.72,40616.95,0.02,44.8,6.65,7.0,3.22
2020-01-03,70.9,73.0,70.73,73.0,72.2388,8099000.0,906.72,40616.95,0.02,44.8,6.65,7.0,3.22
2020-01-06,72.8,72.8,69.14,69.99,69.2602,5491500.0,906.72,40616.95,0.02,44.8,6.65,7.0,3.22
2020-01-07,70.17,70.54,67.3,67.6,66.8951,5259200.0,906.72,40616.95,0.02,44.8,6.65,7.0,3.22
2020-01-08,68.0,69.28,67.6,68.0,67.2909,2828800.0,906.72,40616.95,0.02,44.8,6.65,7.0,3.22
2020-01-09,67.83,68.96,67.78,68.37,67.6571,2090800.0,906.72,40616.95,0.02,44.8,6.65,7.0,3.22
2020-01-10,68.78,70.43,66.68,68.78,68.0628,3199500.0,906.72,40616.95,0.02,44.8,6.65,7.0,3.22
2020-01-13,68.82,70.44,68.82,69.96,69.2305,4089900.0,906.72,40616.95,0.02,44.8,6.65,7.0,3.22
2020-01-14,69.97,70.92,68.8,70.92,70.1805,2291000.0,906.72,40616.95,0.02,44.8,6.65,7.0,3.22
2020-01-15,70.8,72.88,69.51,72.88,72.12,3241300.0,906.72,40616.95,0.02,44.8,6.65,7.0,3.22
2020-01-16,70.95,72.54,70.63,71.9,71.1503,3740700.0,906.72,40616.95,0.02,44.8,6.65,7.0,3.22
2020-01-17,71.8,74.1,71.49,74.1,73.3273,2930200.0,906.72,40616.95,0.02,44.8,6.65,7.0,3.22
2020-01-20,74.1,76.48,73.21,76.33,75.5341,1562600.0,906.72,40616.95,0.02,44.8,6.65,7.0,3.22
2020-01-21,76.15,76.28,74.47,74.47,73.6935,3611200.0,906.72,40616.95,0.02,44.8,6.65,7.0,3.22
2020-01-22,75.0,75.76,73.96,74.54,73.7627,3124300.0,906.72,40616.95,0.02,44.8,6.65,7.0,3.22
2020-01-23,73.5,73.96,71.73,72.65,71.8924,7156300.0,906.72,40616.95,0.02,44.8,6.65,7.0,3.22
2020-01-24,72.9,73.44,70.65,70.65,69.9133,4806500.0,906.72,40616.95,0.02,44.8,6.65,7.0,3.22
2020-01-27,69.9,69.9,66.71,68.21,67.4987,6683600.0,906.72,40616.95,0.02,44.8,6.65,7.0,3.22
2020-01-28,69.0,70.75,68.43,70.49,69.755,3965100.0,906.72,40616.95,0.02,44.8,6.65,7.0,3.22
2020-01-29,70.51,72.0,69.15,70.49,69.755,2842700.0,906.72,40616.95,0.02,44.8,6.65,7.0,3.22
2020-01-30,70.4,70.49,66.93,70.32,69.5867,2647400.0,906.72,40616.95,0.02,44.8,6.65,7.0,3.22
2020-01-31,70.32,70.32,68.66,70.21,69.4779,2978000.0,906.72,40616.95,0.02,44.8,6.65,7.0,3.22
2020-02-03,71.2,73.8,69.89,73.44,72.6742,3108800.0,906.72,40616.95,0.02,44.8,6.65,7.0,3.22
2020-02-04,74.17,74.72,72.65,73.5,72.7336,2951600.0,906.72,40616.95,0.02,44.8,6.65,7.0,3.22
2020-02-05,74.3,74.4,69.92,72.49,71.7341,3947100.0,906.72,40616.95,0.02,44.8,6.65,7.0,3.22
2020-02-06,72.6,74.02,70.36,72.0,71.2492,2913100.0,906.72,40616.95,0.02,44.8,6.65,7.0,3.22
2020-02-07,72.0,73.34,70.14,70.14,69.4086,1839500.0,906.72,40616.95,0.02,44.8,6.65,7.0,3.22
2020-02-10,70.57,71.49,68.05,68.4,67.6868,2286600.0,906.72,40616.95,0.02,44.8,6.65,7.0,3.22
2020-02-11,69.15,70.48,68.8,70.23,69.4977,2733400.0,906.72,40616.95,0.02,44.8,6.65,7.0,3.22
2020-02-12,70.71,73.34,69.93,72.64,71.8825,3198300.0,906.72,40616.95,0.02,44.8,6.65,7.0,3.22
2020-02-13,70.99,73.2,70.31,72.5,71.744,2306700.0,906.72,40616.95,0.02,44.8,6.65,7.0,3.22
2020-02-14,72.21,73.21,70.8,72.04,71.2888,1438200.0,906.72,40616.95,0.02,44.8,6.65,7.0,3.22
2020-02-17,72.65,73.57,71.58,72.42,71.6648,1074200.0,906.72,40616.95,0.02,44.8,6.65,7.0,3.22
2020-02-18,72.1,72.51,69.99,71.71,70.9622,2671100.0,906.72,40616.95,0.02,44.8,6.65,7.0,3.22
2020-02-19,70.05,72.73,69.99,71.99,71.2393,2151500.0,906.72,40616.95,0.02,44.8,6.65,7.0,3.22
2020-02-20,71.51,72.3,69.8,71.17,70.4279,2339400.0,906.72,40616.95,0.02,44.8,6.65,7.0,3.22
2020-02-21,70.35,70.47,68.55,69.17,68.4487,3895100.0,906.72,40616.95,0.02,44.8,6.65,7.0,3.22
2020-02-26,66.5,66.5,62.35,63.0,62.3431,9077200.0,906.72,40616.95,0.02,44.8,6.65,7.0,3.22
2020-02-27,62.0,64.25,60.24,61.9,61.2545,9416100.0,906.72,40616.95,0.02,44.8,6.65,7.0,3.22
2020-02-28,61.05,63.23,59.6,63.23,62.5707,7032300.0,906.72,40616.95,0.02,44.8,6.65,7.0,3.22
2020-03-02,63.23,64.07,60.94,64.04,63.3722,4690900.0,906.72,40616.95,0.02,44.8,6.65,7.0,3.22
2020-03-03,63.25,66.17,63.1,64.0,63.3326,6564000.0,906.72,40616.95,0.02,44.8,6.65,7.0,3.22
2020-03-04,65.98,65.99,61.71,63.0,62.3431,4531800.0,906.72,40616.95,0.02,44.8,6.65,7.0,3.22
2020-03-05,62.95,63.0,56.67,60.0,59.3743,7840000.0,906.72,40616.95,0.02,44.8,6.65,7.0,3.22
2020-03-06,57.0,59.67,56.68,59.0,58.3848,5953800.0,906.72,40616.95,0.02,44.8,6.65,7.0,3.22
2020-03-09,51.16,54.73,50.8,51.0,50.4682,10192200.0,906.72,40616.95,0.02,44.8,6.65,7.0,3.22
2020-03-10,52.3,55.65,51.24,54.95,54.377,8130300.0,906.72,40616.95,0.02,44.8,6.65,7.0,3.22
2020-03-11,52.45,53.66,45.5,49.0,48.4891,6104600.0,906.72,40616.95,0.02,44.8,6.65,7.0,3.22
2020-03-12,40.8,44.0,36.12,41.4,40.9683,4784300.0,906.72,40616.95,0.02,44.8,6.65,7.0,3.22
2020-03-13,48.0,48.5,41.33,46.2,45.7182,11536800.0,906.72,40616.95,0.02,44.8,6.65,7.0,3.22
2020-03-16,38.54,42.98,36.65,40.75,40.3251,13877100.0,906.72,40616.95,0.02,44.8,6.65,7.0,3.22
2020-03-17,41.35,43.31,38.66,41.6,41.1662,11682200.0,906.72,40616.95,0.02,44.8,6.65,7.0,3.22
2020-03-18,36.9,38.17,30.5,33.5,33.1507,13136500.0,906.72,40616.95,0.02,44.8,6.65,7.0,3.22
2020-03-19,32.3,37.04,29.48,36.15,35.773,8045100.0,906.72,40616.95,0.02,44.8,6.65,7.0,3.22
2020-03-20,37.01,41.69,36.51,39.99,39.573,10783700.0,906.72,40616.95,0.02,44.8,6.65,7.0,3.22
2020-03-23,39.89,42.1,37.75,39.64,39.2267,6759600.0,906.72,40616.95,0.02,44.8,6.65,7.0,3.22
2020-03-24,41.99,46.4,41.45,44.3,43.8381,8106100.0,906.72,40616.95,0.02,44.8,6.65,7.0,3.22
2020-03-25,42.9,53.0,42.8,48.5,47.9943,5435300.0,906.72,40616.95,0.02,44.8,6.65,7.0,3.22
2020-03-26,49.7,54.63,48.75,53.11,52.7375,5968800.0,906.72,40616.95,0.02,44.8,6.65,7.0,3.22
2020-03-27,51.4,51.5,47.29,47.74,47.4052,4917300.0,906.72,40616.95,0.02,44.8,6.65,7.0,3.22
2020-03-30,47.74,49.36,46.86,48.0,47.6633,3420500.0,906.72,40616.95,0.02,44.8,6.65,7.0,3.22
2020-03-31,47.37,48.58,44.04,44.96,44.6447,4594800.0,906.72,40616.95,0.02,44.8,6.65,7.0,3.22
2020-04-01,42.31,43.73,39.12,41.42,41.1295,7661000.0,906.72,40616.95,0.02,44.8,6.65,7.0,3.22
2020-04-02,41.38,43.19,40.7,42.46,42.1622,5240100.0,906.72,40616.95,0.02,44.8,6.65,7.0,3.22
2020-04-03,42.0,42.12,37.32,37.35,37.088,7697200.0,906.72,40616.95,0.02,44.8,6.65,7.0,3.22
2020-04-06,39.19,46.16,39.19,43.61,43.3041,5501200.0,906.72,40616.95,0.02,44.8,6.65,7.0,3.22
2020-04-07,50.47,51.99,47.86,48.68,48.3386,5377300.0,906.72,40616.95,0.02,44.8,6.65,7.0,3.22
2020-04-08,48.91,51.0,47.97,50.23,49.8777,2065100.0,906.72,40616.95,0.02,44.8,6.65,7.0,3.22
2020-04-09,50.25,53.72,49.2,52.15,51.7842,4337900.0,906.72,40616.95,0.02,44.8,6.65,7.0,3.22
2020-04-13,51.05,52.0,50.18,51.0,50.6423,2576100.0,906.72,40616.95,0.02,44.8,6.65,7.0,3.22
2020-04-14,52.95,57.13,52.68,56.07,55.6767,5398200.0,906.72,40616.95,0.02,44.8,6.65,7.0,3.22
2020-04-15,54.69,56.08,52.82,54.74,54.3561,4087500.0,906.72,40616.95,0.02,44.8,6.65,7.0,3.22
2020-04-16,55.4,56.2,53.7,54.93,54.5447,4408200.0,906.72,40616.95,0.02,44.8,6.65,7.0,3.22
2020-04-17,56.25,57.0,54.61,55.6,55.21,3687400.0,906.72,40616.95,0.02,44.8,6.65,7.0,3.22
2020-04-20,54.0,59.37,53.29,57.54,57.1364,2274000.0,906.72,40616.95,0.02,44.8,6.65,7.0,3.22
2020-04-22,58.75,59.45,56.18,56.85,56.4513,4039000.0,906.72,40616.95,0.02,44.8,6.65,7.0,3.22
2020-04-23,56.85,57.24,51.59,54.28,53.8993,4683100.0,906.72,40616.95,0.02,44.8,6.65,7.0,3.22
2020-04-24,52.16,53.41,46.1,52.04,51.675,6863300.0,906.72,40616.95,0.02,44.8,6.65,7.0,3.22
2020-04-27,53.02,54.99,52.35,54.79,54.4057,5180600.0,906.72,40616.95,0.02,44.8,6.65,7.0,3.22
2020-04-28,55.68,57.37,55.14,56.0,55.6072,3349200.0,906.72,40616.95,0.02,44.8,6.65,7.0,3.22
2020-04-29,56.8,57.85,56.19,57.0,56.6002,3957900.0,906.72,40616.95,0.02,44.8,6.65,7.0,3.22
2020-04-30,55.98,56.95,54.51,54.81,54.4256,2933600.0,906.72,40616.95,0.02,44.8,6.65,7.0,3.22
2020-05-04,51.81,53.5,51.07,53.5,53.1248,4365100.0,906.72,40616.95,0.02,44.8,6.65,7.0,3.22
2020-05-05,53.81,56.29,52.69,54.7,54.3163,3566400.0,906.72,40616.95,0.02,44.8,6.65,7.0,3.22
2020-05-06,54.86,55.65,52.65,54.26,53.8794,4342300.0,906.72,40616.95,0.02,44.8,6.65,7.0,3.22
2020-05-07,56.0,59.56,55.02,56.49,56.0938,7146900.0,906.72,40616.95,0.02,44.8,6.65,7.0,3.22
2020-05-08,58.25,58.41,54.22,55.69,55.2994,3401600.0,906.72,40616.95,0.02,44.8,6.65,7.0,3.22
2020-05-11,55.0,55.8,53.17,53.77,53.3929,2764600.0,906.72,40616.95,0.02,44.8,6.65,7.0,3.22
2020-05-12,53.02,56.04,53.01,54.37,53.9887,2816600.0,906.72,40616.95,0.02,44.8,6.65,7.0,3.22
2020-05-13,54.79,55.2,51.29,53.12,52.7474,3150200.0,906.72,40616.95,0.02,44.8,6.65,7.0,3.22
2020-05-14,52.5,53.31,50.46,52.59,52.2211,5988000.0,906.72,40616.95,0.02,44.8,6.65,7.0,3.22
2020-05-15,51.95,52.34,49.8,52.34,51.9729,5226800.0,906.72,40616.95,0.02,44.8,6.65,7.0,3.22
2020-05-18,53.77,55.38,52.74,55.38,54.9916,2727000.0,906.72,40616.95,0.02,44.8,6.65,7.0,3.22
2020-05-19,55.39,56.25,54.1,55.32,54.932,1816900.0,906.72,40616.95,0.02,44.8,6.65,7.0,3.22
2020-05-20,55.01,55.98,53.91,55.47,55.0809,2472300.0,906.72,40616.95,0.02,44.8,6.65,7.0,3.22
2020-05-21,55.8,57.77,54.74,56.52,56.1236,5838600.0,906.72,40616.95,0.02,44.8,6.65,7.0,3.22
2020-05-22,55.9,57.0,55.6,56.59,56.1931,3152500.0,906.72,40616.95,0.02,44.8,6.65,7.0,3.22
2020-05-25,57.31,60.05,56.94,59.5,59.0827,1809700.0,906.72,40616.95,0.02,44.8,6.65,7.0,3.22
2020-05-26,60.12,62.86,59.72,62.4,61.9623,4297800.0,906.72,40616.95,0.02,44.8,6.65,7.0,3.22
2020-05-27,62.95,63.01,61.03,62.4,61.9623,2768100.0,906.72,40616.95,0.02,44.8,6.65,7.0,3.22
2020-05-28,61.66,63.78,60.88,62.59,62.151,2857800.0,906.72,40616.95,0.02,44.8,6.65,7.0,3.22
2020-05-29,62.52,62.82,60.0,62.3,61.863,6759400.0,906.72,40616.95,0.02,44.8,6.65,7.0,3.22
2020-06-01,61.16,62.97,60.54,61.75,61.3169,4190000.0,906.72,40616.95,0.02,44.8,6.65,7.0,3.22
2020-06-02,61.37,63.62,60.95,63.26,62.8163,4606000.0,906.72,40616.95,0.02,44.8,6.65,7.0,3.22
2020-06-03,63.35,64.68,61.52,62.75,62.3099,6730000.0,906.72,40616.95,0.02,44.8,6.65,7.0,3.22
2020-06-04,62.15,63.49,61.6,62.48,62.0418,3859300.0,906.72,40616.95,0.02,44.8,6.65,7.0,3.22
2020-06-05,63.3,65.4,62.72,64.1,63.6504,3548400.0,906.72,40616.95,0.02,44.8,6.65,7.0,3.22
2020-06-08,65.38,65.71,63.2,64.24,63.7894,3000700.0,906.72,40616.95,0.02,44.8,6.65,7.0,3.22
2020-06-09,63.21,63.89,62.15,63.66,63.2135,2356600.0,906.72,40616.95,0.02,44.8,6.65,7.0,3.22
2020-06-10,64.4,64.93,62.96,64.0,63.5511,4167300.0,906.72,40616.95,0.02,44.8,6.65,7.0,3.22
2020-06-12,62.3,64.08,61.1,63.84,63.3922,5806800.0,906.72,40616.95,0.02,44.8,6.65,7.0,3.22
2020-06-15,62.29,64.4,61.9,62.9,62.4588,3561700.0,906.72,40616.95,0.02,44.8,6.65,7.0,3.22
2020-06-16,63.98,64.6,61.47,62.84,62.3992,7228100.0,906.72,40616.95,0.02,44.8,6.65,7.0,3.22
2020-06-17,63.31,63.96,62.52,63.0,62.5581,13513800.0,906.72,40616.95,0.02,44.8,6.65,7.0,3.22
2020-06-18,62.3,63.36,62.2,62.98,62.5383,5297500.0,906.72,40616.95,0.02,44.8,6.65,7.0,3.22
2020-06-19,63.5,65.25,62.75,64.67,64.2164,5327700.0,906.72,40616.95,0.02,44.8,6.65,7.0,3.22
2020-06-22,65.49,66.27,63.21,63.98,63.5313,4174000.0,906.72,40616.95,0.02,44.8,6.65,7.0,3.22
2020-06-23,64.51,67.45,64.22,66.27,65.8052,4335300.0,906.72,40616.95,0.02,44.8,6.65,7.0,3.22
2020-06-24,65.66,66.7,63.88,65.17,64.7129,2425000.0,906.72,40616.95,0.02,44.8,6.65,7.0,3.22
2020-06-25,66.0,66.7,64.55,66.5,66.0336,3786500.0,906.72,40616.95,0.02,44.8,6.65,7.0,3.22
2020-06-26,65.72,67.92,65.7,66.52,66.0534,4034500.0,906.72,40616.95,0.02,44.8,6.65,7.0,3.22
2020-06-29,67.18,68.09,66.37,68.01,67.533,1847400.0,906.72,40616.95,0.02,44.8,6.65,7.0,3.22
2020-06-30,67.1,69.18,66.62,68.01,67.533,2575900.0,906.72,40616.95,0.02,44.8,6.65,7.0,3.22
2020-07-01,68.6,69.03,67.29,68.28,67.8011,2104700.0,906.72,40616.95,0.02,44.8,6.65,7.0,3.22
2020-07-02,69.0,69.0,65.42,65.5,65.0406,7371000.0,906.72,40616.95,0.02,44.8,6.65,7.0,3.22
2020-07-03,65.61,66.49,65.33,65.8,65.3385,4678000.0,906.72,40616.95,0.02,44.8,6.65,7.0,3.22
2020-07-06,66.23,66.4,65.14,65.96,65.4974,2554500.0,906.72,40616.95,0.02,44.8,6.65,7.0,3.22
2020-07-07,65.57,66.0,63.79,64.47,64.0178,3058300.0,906.72,40616.95,0.02,44.8,6.65,7.0,3.22
2020-07-08,64.81,65.5,63.54,64.59,64.137,2277100.0,906.72,40616.95,0.02,44.8,6.65,7.0,3.22
2020-07-09,64.7,64.92,63.42,64.91,64.4547,2380900.0,906.72,40616.95,0.02,44.8,6.65,7.0,3.22
2020-07-10,64.77,64.8,63.71,63.75,63.3029,1674200.0,906.72,40616.95,0.02,44.8,6.65,7.0,3.22
2020-07-13,63.69,63.84,61.5,61.7,61.2672,3213400.0,906.72,40616.95,0.02,44.8,6.65,7.0,3.22
2020-07-14,61.5,64.37,60.84,64.11,63.6603,6032800.0,906.72,40616.95,0.02,44.8,6.65,7.0,3.22
2020-07-15,64.12,64.7,63.72,64.28,63.8291,2507900.0,906.72,40616.95,0.02,44.8,6.65,7.0,3.22
2020-07-16,63.95,64.2,62.6,63.03,62.5879,1810200.0,906.72,40616.95,0.02,44.8,6.65,7.0,3.22
2020-07-17,63.08,67.42,63.08,67.42,66.9471,4163700.0,906.72,40616.95,0.02,44.8,6.65,7.0,3.22
2020-07-20,67.32,69.11,67.2,69.11,68.6253,1750200.0,906.72,40616.95,0.02,44.8,6.65,7.0,3.22
2020-07-21,68.48,68.79,66.5,68.27,67.7912,2628200.0,906.72,40616.95,0.02,44.8,6.65,7.0,3.22
2020-07-22,68.4,69.69,67.66,69.65,69.1615,2349600.0,906.72,40616.95,0.02,44.8,6.65,7.0,3.22
2020-07-23,69.99,70.1,67.06,67.21,66.7386,2688700.0,906.72,40616.95,0.02,44.8,6.65,7.0,3.22
2020-07-24,67.68,68.67,65.8,68.06,67.5826,2327800.0,906.72,40616.95,0.02,44.8,6.65,7.0,3.22
2020-07-27,67.6,69.78,66.26,67.01,66.54,4583300.0,906.72,40616.95,0.02,44.8,6.65,7.0,3.22
2020-07-28,66.74,68.32,65.67,68.05,67.5727,1945700.0,906.72,40616.95,0.02,44.8,6.65,7.0,3.22
2020-07-29,68.05,68.77,67.15,67.42,66.9471,1709200.0,906.72,40616.95,0.02,44.8,6.65,7.0,3.22
2020-07-30,66.86,69.52,66.54,68.9,68.4167,2144200.0,906.72,40616.95,0.02,44.8,6.65,7.0,3.22
2020-07-31,68.97,69.43,66.18,66.76,66.2918,2410200.0,906.72,40616.95,0.02,44.8,6.65,7.0,3.22
2020-08-03,67.5,69.39,66.04,68.66,68.1784,3915000.0,906.72,40616.95,0.02,44.8,6.65,7.0,3.22
2020-08-04,68.66,68.66,65.62,66.2,65.7357,3636400.0,906.72,40616.95,0.02,44.8,6.65,7.0,3.22
2020-08-05,68.0,68.8,67.03,67.99,67.5131,2075800.0,906.72,40616.95,0.02,44.8,6.65,7.0,3.22
2020-08-06,68.64,70.57,68.2,70.57,70.075,2762400.0,906.72,40616.95,0.02,44.8,6.65,7.0,3.22
2020-08-07,70.57,72.15,69.16,70.43,69.936,4444700.0,906.72,40616.95,0.02,44.8,6.65,7.0,3.22
2020-08-10,70.43,70.81,67.65,68.66,68.1784,1932100.0,906.72,40616.95,0.02,44.8,6.65,7.0,3.22
2020-08-11,68.89,68.89,67.06,67.79,67.3145,3206800.0,906.72,40616.95,0.02,44.8,6.65,7.0,3.22
2020-08-12,68.07,68.28,64.36,65.57,65.1101,3941200.0,906.72,40616.95,0.02,44.8,6.65,7.0,3.22
2020-08-13,65.86,67.91,65.26,66.31,65.8449,3337800.0,906.72,40616.95,0.02,44.8,6.65,7.0,3.22
2020-08-14,66.41,67.5,65.56,66.84,66.3712,2849800.0,906.72,40616.95,0.02,44.8,6.65,7.0,3.22
2020-08-17,66.63,68.01,64.58,65.84,65.3782,3562400.0,906.72,40616.95,0.02,44.8,6.65,7.0,3.22
2020-08-18,67.26,67.6,66.5,67.0,66.5301,2334900.0,906.72,40616.95,0.02,44.8,6.65,7.0,3.22
2020-08-19,67.27,67.27,64.84,65.34,64.8817,3017200.0,906.72,40616.95,0.02,44.8,6.65,7.0,3.22
2020-08-20,63.21,65.87,62.7,65.66,65.1995,5705400.0,906.72,40616.95,0.02,44.8,6.65,7.0,3.22
2020-08-21,65.33,69.37,64.35,69.17,68.6848,3889200.0,906.72,40616.95,0.02,44.8,6.65,7.0,3.22
2020-08-24,68.43,69.8,67.68,69.73,69.2409,4425800.0,906.72,40616.95,0.02,44.8,6.65,7.0,3.22
2020-08-25,69.89,71.66,69.4,70.59,70.0949,4833700.0,906.72,40616.95,0.02,44.8,6.65,7.0,3.22
2020-08-26,72.1,73.12,71.14,72.88,72.3688,7479400.0,906.72,40616.95,0.02,44.8,6.65,7.0,3.22
2020-08-27,72.59,74.5,72.36,73.63,73.1136,2883400.0,906.72,40616.95,0.02,44.8,6.65,7.0,3.22
2020-08-28,73.93,75.18,73.17,74.5,73.9775,3520300.0,906.72,40616.95,0.02,44.8,6.65,7.0,3.22
2020-08-31,73.8,75.06,73.41,74.1,73.5803,4251300.0,906.72,40616.95,0.02,44.8,6.65,7.0,3.22
2020-09-01,74.61,75.81,74.38,74.53,74.0073,4692600.0,906.72,40616.95,0.02,44.8,6.65,7.0,3.22
2020-09-02,74.53,75.1,72.45,73.68,73.1632,2130800.0,906.72,40616.95,0.02,44.8,6.65,7.0,3.22
2020-09-03,73.97,74.95,72.57,74.33,73.8087,2902800.0,906.72,40616.95,0.02,44.8,6.65,7.0,3.22
2020-09-04,74.93,75.8,73.62,74.58,74.0569,8024500.0,906.72,40616.95,0.02,44.8,6.65,7.0,3.22
2020-09-08,72.5,75.7,72.0,74.28,73.759,3716800.0,906.72,40616.95,0.02,44.8,6.65,7.0,3.22
2020-09-09,76.0,76.49,73.9,75.17,74.6428,2721000.0,906.72,40616.95,0.02,44.8,6.65,7.0,3.22
2020-09-10,74.92,75.55,71.65,72.6,72.0908,3160300.0,906.72,40616.95,0.02,44.8,6.65,7.0,3.22
2020-09-11,72.9,73.29,69.34,69.86,69.37,3239400.0,906.72,40616.95,0.02,44.8,6.65,7.0,3.22
2020-09-14,70.62,73.0,70.41,73.0,72.488,1754500.0,906.72,40616.95,0.02,44.8,6.65,7.0,3.22
2020-09-15,73.29,73.29,69.98,71.27,70.7701,2774500.0,906.72,40616.95,0.02,44.8,6.65,7.0,3.22
2020-09-16,71.85,73.6,71.55,71.86,71.356,2488500.0,906.72,40616.95,0.02,44.8,6.65,7.0,3.22
2020-09-17,70.25,71.19,69.03,69.7,69.2111,3321300.0,906.72,40616.95,0.02,44.8,6.65,7.0,3.22
2020-09-18,69.01,70.19,67.37,69.43,68.943,4258900.0,906.72,40616.95,0.02,44.8,6.65,7.0,3.22
2020-09-21,68.6,69.29,67.12,69.17,68.6848,2478700.0,906.72,40616.95,0.02,44.8,6.65,7.0,3.22
2020-09-22,68.4,68.97,67.69,68.44,67.96,2611000.0,906.72,40616.95,0.02,44.8,6.65,7.0,3.22
2020-09-23,67.27,68.87,66.46,66.81,66.3414,2481100.0,906.72,40616.95,0.02,44.8,6.65,7.0,3.22
2020-09-24,67.16,68.95,66.59,67.87,67.394,1893200.0,906.72,40616.95,0.02,44.8,6.65,7.0,3.22
2020-09-25,67.66,67.88,65.92,67.68,67.2053,1982900.0,906.72,40616.95,0.02,44.8,6.65,7.0,3.22
2020-09-28,67.68,68.34,64.01,64.16,63.71,2876400.0,906.72,40616.95,0.02,44.8,6.65,7.0,3.22
2020-09-29,63.9,64.87,63.0,63.6,63.1539,4391600.0,906.72,40616.95,0.02,44.8,6.65,7.0,3.22
2020-09-30,63.6,65.48,63.4,65.06,64.6037,2867600.0,906.72,40616.95,0.02,44.8,6.65,7.0,3.22
2020-10-01,64.94,66.19,64.08,65.89,65.4279,2761400.0,906.72,40616.95,0.02,44.8,6.65,7.0,3.22
2020-10-02,65.78,65.8,63.69,64.25,63.7994,2209900.0,906.72,40616.95,0.02,44.8,6.65,7.0,3.22
2020-10-05,63.1,66.81,62.5,65.73,65.269,2800400.0,906.72,40616.95,0.02,44.8,6.65,7.0,3.22
2020-10-06,66.9,66.9,63.28,64.2,63.7497,7683400.0,906.72,40616.95,0.02,44.8,6.65,7.0,3.22
2020-10-07,65.0,65.73,63.1,64.99,64.5342,3565700.0,906.72,40616.95,0.02,44.8,6.65,7.0,3.22
2020-10-08,65.33,66.54,63.78,66.06,65.5967,3822000.0,906.72,40616.95,0.02,44.8,6.65,7.0,3.22
2020-10-09,66.2,66.55,64.17,64.7,64.2462,2864000.0,906.72,40616.95,0.02,44.8,6.65,7.0,3.22
2020-10-13,64.63,67.74,64.34,66.95,66.4804,2932300.0,906.72,40616.95,0.02,44.8,6.65,7.0,3.22
2020-10-14,67.07,69.4,66.9,68.72,68.238,4389600.0,906.72,40616.95,0.02,44.8,6.65,7.0,3.22
2020-10-15,67.5,67.88,66.56,67.07,66.5996,2498200.0,906.72,40616.95,0.02,44.8,6.65,7.0,3.22
2020-10-16,66.8,66.9,64.4,65.03,64.5739,2520100.0,906.72,40616.95,0.02,44.8,6.65,7.0,3.22
2020-10-19,65.31,66.34,64.56,65.13,64.6732,2903100.0,906.72,40616.95,0.02,44.8,6.65,7.0,3.22
2020-10-20,65.7,66.24,64.5,65.3,64.842,2349200.0,906.72,40616.95,0.02,44.8,6.65,7.0,3.22
2020-10-21,65.3,66.6,65.05,65.51,65.0505,2190200.0,906.72,40616.95,0.02,44.8,6.65,7.0,3.22
2020-10-22,65.5,66.58,64.94,66.43,65.9641,3249800.0,906.72,40616.95,0.02,44.8,6.65,7.0,3.22
2020-10-23,66.0,66.2,64.1,64.34,63.8887,2340000.0,906.72,40616.95,0.02,44.8,6.65,7.0,3.22
2020-10-26,64.5,66.91,63.85,66.53,66.0634,2286100.0,906.72,40616.95,0.02,44.8,6.65,7.0,3.22
2020-10-27,66.81,68.85,66.47,66.87,66.401,2726700.0,906.72,40616.95,0.02,44.8,6.65,7.0,3.22
2020-10-28,65.5,66.78,65.23,65.93,65.4676,2143900.0,906.72,40616.95,0.02,44.8,6.65,7.0,3.22
2020-10-29,65.94,67.49,64.64,67.46,66.9868,2434100.0,906.72,40616.95,0.02,44.8,6.65,7.0,3.22
2020-10-30,67.31,67.31,65.12,65.75,65.2888,3631500.0,906.72,40616.95,0.02,44.8,6.65,7.0,3.22
2020-11-03,66.04,67.97,65.34,67.5,67.0266,3818900.0,906.72,40616.95,0.02,44.8,6.65,7.0,3.22
2020-11-04,68.03,71.8,67.5,71.79,71.2865,4863200.0,906.72,40616.95,0.02,44.8,6.65,7.0,3.22
2020-11-05,72.51,74.17,71.57,72.72,72.21,3785500.0,906.72,40616.95,0.02,44.8,6.65,7.0,3.22
2020-11-06,72.0,74.0,71.71,73.86,73.342,3666700.0,906.72,40616.95,0.02,44.8,6.65,7.0,3.22
2020-11-09,74.77,75.99,70.51,72.1,71.5943,4490100.0,906.72,40616.95,0.02,44.8,6.65,7.0,3.22
2020-11-10,71.6,72.2,68.82,69.36,68.8735,4734400.0,906.72,40616.95,0.02,44.8,6.65,7.0,3.22
2020-11-11,68.89,69.63,67.61,68.9,68.4167,2910100.0,906.72,40616.95,0.02,44.8,6.65,7.0,3.22
2020-11-12,69.29,69.98,68.44,69.33,68.8437,4088100.0,906.72,40616.95,0.02,44.8,6.65,7.0,3.22
2020-11-13,69.69,74.8,69.55,74.5,73.9775,5629500.0,906.72,40616.95,0.02,44.8,6.65,7.0,3.22
2020-11-16,74.92,74.92,72.14,73.98,73.4611,3295200.0,906.72,40616.95,0.02,44.8,6.65,7.0,3.22
2020-11-17,73.98,73.98,70.5,71.8,71.2964,8031500.0,906.72,40616.95,0.02,44.8,6.65,7.0,3.22
2020-11-18,72.06,72.74,70.7,71.0,70.502,2699100.0,906.72,40616.95,0.02,44.8,6.65,7.0,3.22
2020-11-19,71.01,71.45,69.37,70.39,69.8963,3340200.0,906.72,40616.95,0.02,44.8,6.65,7.0,3.22
2020-11-20,70.15,70.73,69.66,69.88,69.3899,2807700.0,906.72,40616.95,0.02,44.8,6.65,7.0,3.22
2020-11-23,70.4,72.29,69.99,71.48,70.9786,3159300.0,906.72,40616.95,0.02,44.8,6.65,7.0,3.22
2020-11-24,71.48,71.48,69.83,70.59,70.0949,2511600.0,906.72,40616.95,0.02,44.8,6.65,7.0,3.22
2020-11-25,70.81,73.36,70.13,72.35,71.8425,3411000.0,906.72,40616.95,0.02,44.8,6.65,7.0,3.22
2020-11-26,72.2,72.55,69.96,70.48,69.9857,2325100.0,906.72,40616.95,0.02,44.8,6.65,7.0,3.22
2020-11-27,70.18,70.18,66.8,69.5,69.0125,11132600.0,906.72,40616.95,0.02,44.8,6.65,7.0,3.22
2020-11-30,69.5,69.77,67.62,68.5,68.0195,7150200.0,906.72,40616.95,0.02,44.8,6.65,7.0,3.22
2020-12-01,69.0,71.15,67.57,70.07,69.5785,10325900.0,906.72,40616.95,0.02,44.8,6.65,7.0,3.22
2020-12-02,70.06,73.97,69.93,73.14,72.627,13242900.0,906.72,40616.95,0.02,44.8,6.65,7.0,3.22
2020-12-03,73.4,74.8,72.76,73.83,73.3122,8255600.0,906.72,40616.95,0.02,44.8,6.65,7.0,3.22
2020-12-04,74.78,75.85,74.04,74.77,74.2456,8189900.0,906.72,40616.95,0.02,44.8,6.65,7.0,3.22
2020-12-07,75.0,75.0,72.01,73.47,72.9547,3932000.0,906.72,40616.95,0.02,44.8,6.65,7.0,3.22
2020-12-08,73.48,75.27,72.73,74.9,74.3747,5447200.0,906.72,40616.95,0.02,44.8,6.65,7.0,3.22
2020-12-09,76.3,77.0,74.57,75.25,74.7222,5723500.0,906.72,40616.95,0.02,44.8,6.65,7.0,3.22
2020-12-10,76.2,76.88,74.42,75.05,74.5236,10555900.0,906.72,40616.95,0.02,44.8,6.65,7.0,3.22
2020-12-11,73.95,75.35,73.94,74.86,74.3349,3519900.0,906.72,40616.95,0.02,44.8,6.65,7.0,3.22
2020-12-14,75.3,75.3,73.58,74.43,73.908,2211100.0,906.72,40616.95,0.02,44.8,6.65,7.0,3.22
2020-12-15,74.86,75.16,72.82,74.05,73.5306,4927600.0,906.72,40616.95,0.02,44.8,6.65,7.0,3.22
2020-12-16,74.0,75.4,73.38,74.79,74.2654,4660800.0,906.72,40616.95,0.02,44.8,6.65,7.0,3.22
2020-12-17,74.3,76.0,74.3,75.58,75.0499,3138500.0,906.72,40616.95,0.02,44.8,6.65,7.0,3.22
2020-12-18,75.82,76.71,73.27,74.35,73.8285,3405200.0,906.72,40616.95,0.02,44.8,6.65,7.0,3.22
2020-12-21,72.63,76.0,71.67,75.48,74.9506,4294600.0,906.72,40616.95,0.02,44.8,6.65,7.0,3.22
2020-12-22,74.75,78.16,74.75,77.57,77.0259,4264400.0,906.72,40616.95,0.02,44.8,6.65,7.0,3.22
2020-12-23,77.95,78.0,76.73,77.3,76.7578,2150800.0,906.72,40616.95,0.02,44.8,6.65,7.0,3.22
2020-12-28,77.3,78.24,76.12,78.0,77.4529,1962400.0,906.72,40616.95,0.02,44.8,6.65,7.0,3.22
2020-12-29,78.2,80.31,77.42,79.97,79.4091,3406500.0,906.72,40616.95,0.02,44.8,6.65,7.0,3.22
2020-12-30,80.08,80.84,77.68,78.34,77.7905,3924100.0,906.72,40616.95,0.02,44.8,6.65,7.0,3.22
2021-01-04,79.1,79.56,76.14,77.26,76.7181,2706300.0,1381.2,47012.01,0.03,34.04,10.36,8.61,4.5
2021-01-05,76.64,77.48,75.4,75.5,74.9705,3731900.0,1381.2,47012.01,0.03,34.04,10.36,8.61,4.5
2021-01-06,75.52,75.72,72.31,72.31,71.8028,5292400.0,1381.2,47012.01,0.03,34.04,10.36,8.61,4.5
2021-01-07,72.75,74.46,71.2,72.2,71.6936,5633800.0,1381.2,47012.01,0.03,34.04,10.36,8.61,4.5
2021-01-08,72.36,95.41,72.36,91.4,90.7589,19274600.0,1381.2,47012.01,0.03,34.04,10.36,8.61,4.5
2021-01-11,90.0,103.04,88.8,101.45,100.7384,18283500.0,1381.2,47012.01,0.03,34.04,10.36,8.61,4.5
2021-01-12,100.94,101.11,96.08,98.67,97.9779,12006400.0,1381.2,47012.01,0.03,34.04,10.36,8.61,4.5
2021-01-13,98.31,98.31,94.2,95.09,94.423,5959200.0,1381.2,47012.01,0.03,34.04,10.36,8.61,4.5
2021-01-14,95.0,96.89,93.17,94.18,93.5194,4152000.0,1381.2,47012.01,0.03,34.04,10.36,8.61,4.5
2021-01-15,92.28,96.62,91.41,95.5,94.8302,2943400.0,1381.2,47012.01,0.03,34.04,10.36,8.61,4.5
2021-01-18,96.82,100.4,96.0,99.0,98.3056,2996800.0,1381.2,47012.01,0.03,34.04,10.36,8.61,4.5
2021-01-19,100.0,100.73,95.31,96.8,96.1211,3740500.0,1381.2,47012.01,0.03,34.04,10.36,8.61,4.5
2021-01-20,96.98,98.4,94.62,98.09,97.402,2653600.0,1381.2,47012.01,0.03,34.04,10.36,8.61,4.5
2021-01-21,97.48,100.96,96.54,98.62,97.9283,3505900.0,1381.2,47012.01,0.03,34.04,10.36,8.61,4.5
2021-01-22,97.75,99.08,95.89,97.54,96.8559,1998200.0,1381.2,47012.01,0.03,34.04,10.36,8.61,4.5
2021-01-26,99.2,100.96,97.09,98.56,97.8687,3495900.0,1381.2,47012.01,0.03,34.04,10.36,8.61,4.5
2021-01-27,98.64,99.02,93.68,94.83,94.1649,3021200.0,1381.2,47012.01,0.03,34.04,10.36,8.61,4.5
2021-01-28,94.83,98.78,94.01,97.72,97.0346,3445900.0,1381.2,47012.01,0.03,34.04,10.36,8.61,4.5
2021-01-29,97.14,97.28,93.4,94.5,93.8372,3954300.0,1381.2,47012.01,0.03,34.04,10.36,8.61,4.5
2021-02-01,97.56,98.0,94.53,96.57,95.8927,3565100.0,1381.2,47012.01,0.03,34.04,10.36,8.61,4.5
2021-02-02,99.01,100.38,96.34,97.89,97.2034,3866300.0,1381.2,47012.01,0.03,34.04,10.36,8.61,4.5
2021-02-03,97.99,98.6,95.54,97.53,96.8459,3108700.0,1381.2,47012.01,0.03,34.04,10.36,8.61,4.5
2021-02-04,98.0,98.21,96.07,97.13,96.4487,1546900.0,1381.2,47012.01,0.03,34.04,10.36,8.61,4.5
2021-02-05,97.13,100.2,96.54,98.73,98.0375,1547800.0,1381.2,47012.01,0.03,34.04,10.36,8.61,4.5
2021-02-08,98.7,101.45,97.6,98.07,97.3821,2571000.0,1381.2,47012.01,0.03,34.04,10.36,8.61,4.5
2021-02-09,98.0,98.1,95.52,95.9,95.2274,3677200.0,1381.2,47012.01,0.03,34.04,10.36,8.61,4.5
2021-02-10,95.0,96.46,92.75,93.38,92.725,5566700.0,1381.2,47012.01,0.03,34.04,10.36,8.61,4.5
2021-02-11,94.01,100.89,93.72,96.48,95.8033,5265900.0,1381.2,47012.01,0.03,34.04,10.36,8.61,4.5
2021-02-12,96.4,96.4,94.01,95.09,94.423,2185800.0,1381.2,47012.01,0.03,34.04,10.36,8.61,4.5
2021-02-17,95.83,96.34,92.71,95.5,94.8302,6125600.0,1381.2,47012.01,0.03,34.04,10.36,8.61,4.5
2021-02-18,93.46,94.6,89.48,92.31,91.6625,4911100.0,1381.2,47012.01,0.03,34.04,10.36,8.61,4.5
2021-02-19,92.2,93.86,90.64,93.13,92.4768,2460300.0,1381.2,47012.01,0.03,34.04,10.36,8.61,4.5
2021-02-22,91.8,96.31,88.51,94.04,93.3804,5472200.0,1381.2,47012.01,0.03,34.04,10.36,8.61,4.5
2021-02-23,93.04,94.04,87.34,90.2,89.5673,6037800.0,1381.2,47012.01,0.03,34.04,10.36,8.61,4.5
2021-02-24,90.65,91.7,88.82,89.97,89.339,3323000.0,1381.2,47012.01,0.03,34.04,10.36,8.61,4.5
2021-02-25,89.59,90.98,87.39,88.29,87.6707,3976000.0,1381.2,47012.01,0.03,34.04,10.36,8.61,4.5
2021-02-26,87.01,89.76,85.62,86.72,86.1118,5617800.0,1381.2,47012.01,0.03,34.04,10.36,8.61,4.5
2021-03-01,94.8,95.53,89.68,89.68,89.051,7470100.0,1381.2,47012.01,0.03,34.04,10.36,8.61,4.5
2021-03-02,88.05,91.44,83.5,88.86,88.2367,6628500.0,1381.2,47012.01,0.03,34.04,10.36,8.61,4.5
2021-03-03,87.99,88.5,83.83,87.0,86.3898,8348700.0,1381.2,47012.01,0.03,34.04,10.36,8.61,4.5
2021-03-04,87.3,87.5,83.8,85.85,85.2479,6724900.0,1381.2,47012.01,0.03,34.04,10.36,8.61,4.5
2021-03-05,85.0,86.9,82.69,85.83,85.228,7551900.0,1381.2,47012.01,0.03,34.04,10.36,8.61,4.5
2021-03-08,82.02,83.66,78.83,79.96,79.3992,8737600.0,1381.2,47012.01,0.03,34.04,10.36,8.61,4.5
2021-03-09,79.18,83.2,77.08,82.14,81.5639,6902400.0,1381.2,47012.01,0.03,34.04,10.36,8.61,4.5
2021-03-10,81.97,83.94,79.15,83.3,82.7157,4667400.0,1381.2,47012.01,0.03,34.04,10.36,8.61,4.5
2021-03-11,83.3,85.49,82.06,84.59,83.9967,3843000.0,1381.2,47012.01,0.03,34.04,10.36,8.61,4.5
2021-03-12,82.51,83.66,81.92,83.05,82.4675,2809000.0,1381.2,47012.01,0.03,34.04,10.36,8.61,4.5
2021-03-15,83.0,85.29,82.0,84.77,84.1754,1906000.0,1381.2,47012.01,0.03,34.04,10.36,8.61,4.5
2021-03-16,84.5,88.17,83.4,86.27,85.6649,3264700.0,1381.2,47012.01,0.03,34.04,10.36,8.61,4.5
2021-03-17,84.63,85.68,82.75,85.04,84.4435,4898000.0,1381.2,47012.01,0.03,34.04,10.36,8.61,4.5
2021-03-18,84.0,84.36,82.25,84.01,83.4208,3101600.0,1381.2,47012.01,0.03,34.04,10.36,8.61,4.5
2021-03-19,84.0,86.8,83.5,84.95,84.3542,5253900.0,1381.2,47012.01,0.03,34.04,10.36,8.61,4.5
2021-03-22,83.45,84.76,81.06,83.9,83.3115,2709800.0,1381.2,47012.01,0.03,34.04,10.36,8.61,4.5
2021-03-23,82.85,86.43,82.85,85.38,84.7812,3025100.0,1381.2,47012.01,0.03,34.04,10.36,8.61,4.5
2021-03-24,85.7,86.09,82.45,83.0,82.4178,3731400.0,1381.2,47012.01,0.03,34.04,10.36,8.61,4.5
2021-03-25,82.18,87.52,81.84,87.1,86.4891,7306400.0,1381.2,47012.01,0.03,34.04,10.36,8.61,4.5
2021-03-26,86.66,86.86,84.16,84.99,84.3939,2409900.0,1381.2,47012.01,0.03,34.04,10.36,8.61,4.5
2021-03-29,83.44,84.84,81.92,84.11,83.5201,3110700.0,1381.2,47012.01,0.03,34.04,10.36,8.61,4.5
2021-03-30,82.71,84.38,82.71,83.7,83.1129,3174800.0,1381.2,47012.01,0.03,34.04,10.36,8.61,4.5
2021-03-31,84.14,84.14,82.13,82.8,82.2193,5567800.0,1381.2,47012.01,0.03,34.04,10.36,8.61,4.5
2021-04-01,82.85,83.95,81.3,81.9,81.3256,3589400.0,1381.2,47012.01,0.03,34.04,10.36,8.61,4.5
2021-04-05,81.69,83.06,81.5,82.0,81.4249,5011100.0,1381.2,47012.01,0.03,34.04,10.36,8.61,4.5
2021-04-06,82.25,82.7,80.18,81.75,81.1766,4881800.0,1381.2,47012.01,0.03,34.04,10.36,8.61,4.5
2021-04-07,81.85,85.27,81.52,83.85,83.2619,5907700.0,1381.2,47012.01,0.03,34.04,10.36,8.61,4.5
2021-04-08,83.78,84.17,81.97,82.78,82.1994,7775300.0,1381.2,47012.01,0.03,34.04,10.36,8.61,4.5
2021-04-09,81.66,82.49,80.37,82.01,81.4348,4415400.0,1381.2,47012.01,0.03,34.04,10.36,8.61,4.5
2021-04-12,82.0,82.53,81.24,82.05,81.4745,3894100.0,1381.2,47012.01,0.03,34.04,10.36,8.61,4.5
2021-04-13,82.0,83.62,80.78,83.62,83.0335,4155500.0,1381.2,47012.01,0.03,34.04,10.36,8.61,4.5
2021-04-14,83.35,84.17,81.51,83.08,82.4973,4466100.0,1381.2,47012.01,0.03,34.04,10.36,8.61,4.5
2021-04-15,83.49,83.9,81.71,82.03,81.4547,5395800.0,1381.2,47012.01,0.03,34.04,10.36,8.61,4.5
2021-04-16,82.05,82.97,80.71,82.7,82.12,5521800.0,1381.2,47012.01,0.03,34.04,10.36,8.61,4.5
2021-04-19,82.0,82.58,81.18,81.94,81.3653,3026100.0,1381.2,47012.01,0.03,34.04,10.36,8.61,4.5
2021-04-20,81.67,84.57,81.5,83.98,83.391,4475200.0,1381.2,47012.01,0.03,34.04,10.36,8.61,4.5
2021-04-22,83.95,84.19,80.53,81.44,80.8688,6510700.0,1381.2,47012.01,0.03,34.04,10.36,8.61,4.5
2021-04-23,81.82,82.25,80.26,81.8,81.2263,8513300.0,1381.2,47012.01,0.03,34.04,10.36,8.61,4.5
2021-04-26,81.55,82.4,80.68,81.81,81.2362,2249400.0,1381.2,47012.01,0.03,34.04,10.36,8.61,4.5
2021-04-27,81.8,82.34,80.81,81.39,81.1035,2364200.0,1381.2,47012.01,0.03,34.04,10.36,8.61,4.5
2021-04-28,81.23,82.94,79.73,82.32,82.0303,3894000.0,1381.2,47012.01,0.03,34.04,10.36,8.61,4.5
2021-04-29,82.39,83.62,81.31,82.31,82.0203,2766700.0,1381.2,47012.01,0.03,34.04,10.36,8.61,4.5
2021-04-30,81.0,82.18,80.7,81.27,80.984,3065000.0,1381.2,47012.01,0.03,34.04,10.36,8.61,4.5
2021-05-03,81.18,83.48,80.6,83.24,82.947,2955600.0,1381.2,47012.01,0.03,34.04,10.36,8.61,4.5
2021-05-04,83.0,83.43,81.69,82.54,82.2495,3377800.0,1381.2,47012.01,0.03,34.04,10.36,8.61,4.5
2021-05-05,83.32,83.67,82.04,83.39,83.0965,3052100.0,1381.2,47012.01,0.03,34.04,10.36,8.61,4.5
2021-05-06,83.1,83.14,81.72,82.86,82.5684,2335800.0,1381.2,47012.01,0.03,34.04,10.36,8.61,4.5
2021-05-07,82.77,85.29,82.57,85.1,84.8005,1858100.0,1381.2,47012.01,0.03,34.04,10.36,8.61,4.5
2021-05-10,84.5,85.08,81.81,83.6,83.3058,2405300.0,1381.2,47012.01,0.03,34.04,10.36,8.61,4.5
2021-05-11,82.89,83.81,80.9,83.49,83.1962,2782100.0,1381.2,47012.01,0.03,34.04,10.36,8.61,4.5
2021-05-12,80.43,81.29,79.1,79.27,78.991,6030600.0,1381.2,47012.01,0.03,34.04,10.36,8.61,4.5
2021-05-13,79.84,83.03,79.84,81.51,81.2258,3740900.0,1381.2,47012.01,0.03,34.04,10.36,8.61,4.5
2021-05-14,82.59,82.95,81.07,81.62,81.62,2216500.0,1381.2,47012.01,0.03,34.04,10.36,8.61,4.5
2021-05-17,81.59,82.8,80.62,81.4,81.4,2380300.0,1381.2,47012.01,0.03,34.04,10.36,8.61,4.5
2021-05-18,81.15,82.49,80.3,81.68,81.68,1964200.0,1381.2,47012.01,0.03,34.04,10.36,8.61,4.5
2021-05-19,81.5,82.05,80.19,80.3,80.3,4810700.0,1381.2,47012.01,0.03,34.04,10.36,8.61,4.5
2021-05-20,80.89,84.13,80.11,83.14,83.14,2734300.0,1381.2,47012.01,0.03,34.04,10.36,8.61,4.5
2021-05-21,83.2,84.84,82.1,84.13,84.13,2699800.0,1381.2,47012.01,0.03,34.04,10.36,8.61,4.5
2021-05-24,84.12,87.23,83.95,87.23,87.23,4310700.0,1381.2,47012.01,0.03,34.04,10.36,8.61,4.5
2021-05-25,87.82,87.86,86.0,86.75,86.75,3273600.0,1381.2,47012.01,0.03,34.04,10.36,8.61,4.5
2021-05-26,87.75,90.0,86.31,87.09,87.09,4209600.0,1381.2,47012.01,0.03,34.04,10.36,8.61,4.5
2021-05-27,87.09,87.84,85.09,87.26,87.26,3818900.0,1381.2,47012.01,0.03,34.04,10.36,8.61,4.5
2021-05-28,87.51,88.96,86.5,87.73,87.73,2036500.0,1381.2,47012.01,0.03,34.04,10.36,8.61,4.5
2021-05-31,87.62,89.29,86.77,88.39,88.39,2287100.0,1381.2,47012.01,0.03,34.04,10.36,8.61,4.5
2021-06-01,88.59,89.93,87.72,88.5,88.5,3334900.0,1381.2,47012.01,0.03,34.04,10.36,8.61,4.5
2021-06-02,88.51,89.24,85.63,86.85,86.85,3597000.0,1381.2,47012.01,0.03,34.04,10.36,8.61,4.5
2021-06-04,86.55,87.23,84.77,86.1,86.1,2574500.0,1381.2,47012.01,0.03,34.04,10.36,8.61,4.5
2021-06-07,86.14,87.18,86.0,86.7,86.7,2886600.0,1381.2,47012.01,0.03,34.04,10.36,8.61,4.5
2021-06-08,86.96,87.06,85.87,86.5,86.5,2055300.0,1381.2,47012.01,0.03,34.04,10.36,8.61,4.5
2021-06-09,86.9,87.73,85.81,86.85,86.85,3673500.0,1381.2,47012.01,0.03,34.04,10.36,8.61,4.5
2021-06-10,86.98,87.86,85.84,86.9,86.9,3980900.0,1381.2,47012.01,0.03,34.04,10.36,8.61,4.5
2021-06-11,86.6,86.71,83.57,84.54,84.54,3487700.0,1381.2,47012.01,0.03,34.04,10.36,8.61,4.5
2021-06-14,85.35,85.57,83.81,84.55,84.55,2889000.0,1381.2,47012.01,0.03,34.04,10.36,8.61,4.5
2021-06-15,84.67,85.38,83.77,83.87,83.87,3224900.0,1381.2,47012.01,0.03,34.04,10.36,8.61,4.5
2021-06-16,84.0,85.99,83.44,84.98,84.98,5913700.0,1381.2,47012.01,0.03,34.04,10.36,8.61,4.5
2021-06-17,84.85,87.4,84.18,86.5,86.5,2027900.0,1381.2,47012.01,0.03,34.04,10.36,8.61,4.5
2021-06-18,87.5,87.7,86.43,86.68,86.68,2858200.0,1381.2,47012.01,0.03,34.04,10.36,8.61,4.5
2021-06-21,87.0,87.02,84.54,84.67,84.67,6147600.0,1381.2,47012.01,0.03,34.04,10.36,8.61,4.5
2021-06-22,84.51,86.57,83.82,85.92,85.92,2557500.0,1381.2,47012.01,0.03,34.04,10.36,8.61,4.5
2021-06-23,85.4,87.35,85.4,86.4,86.4,1780500.0,1381.2,47012.01,0.03,34.04,10.36,8.61,4.5
2021-06-24,86.98,88.0,85.57,87.38,87.38,3612700.0,1381.2,47012.01,0.03,34.04,10.36,8.61,4.5
2021-06-25,87.1,87.25,83.83,85.06,85.06,3293700.0,1381.2,47012.01,0.03,34.04,10.36,8.61,4.5
2021-06-28,84.71,87.0,84.67,85.9,85.9,2057200.0,1381.2,47012.01,0.03,34.04,10.36,8.61,4.5
2021-06-29,85.69,85.83,83.92,85.7,85.7,6275000.0,1381.2,47012.01,0.03,34.04,10.36,8.61,4.5
2021-06-30,85.0,85.24,83.54,84.93,84.93,3674800.0,1381.2,47012.01,0.03,34.04,10.36,8.61,4.5
2021-07-01,84.62,84.84,82.26,83.55,83.55,3249300.0,1381.2,47012.01,0.03,34.04,10.36,8.61,4.5
2021-07-02,84.38,85.22,83.6,84.86,84.86,2503600.0,1381.2,47012.01,0.03,34.04,10.36,8.61,4.5
2021-07-05,85.2,85.21,83.41,84.06,84.06,1525700.0,1381.2,47012.01,0.03,34.04,10.36,8.61,4.5
2021-07-06,83.47,83.72,82.3,83.1,83.1,2076300.0,1381.2,47012.01,0.03,34.04,10.36,8.61,4.5
2021-07-07,84.37,85.26,83.27,85.0,85.0,3960500.0,1381.2,47012.01,0.03,34.04,10.36,8.61,4.5
2021-07-08,84.5,84.55,83.25,83.78,83.78,1866300.0,1381.2,47012.01,0.03,34.04,10.36,8.61,4.5
2021-07-12,84.35,84.71,83.04,84.42,84.42,2188300.0,1381.2,47012.01,0.03,34.04,10.36,8.61,4.5
2021-07-13,83.91,85.2,83.15,85.17,85.17,2394400.0,1381.2,47012.01,0.03,34.04,10.36,8.61,4.5
2021-07-14,85.17,86.6,85.09,85.62,85.62,3352300.0,1381.2,47012.01,0.03,34.04,10.36,8.61,4.5
2021-07-15,85.63,86.1,84.31,85.23,85.23,1193600.0,1381.2,47012.01,0.03,34.04,10.36,8.61,4.5
2021-07-16,84.87,86.0,84.45,84.91,84.91,2798000.0,1381.2,47012.01,0.03,34.04,10.36,8.61,4.5
2021-07-19,84.47,85.29,83.04,83.9,83.9,3159300.0,1381.2,47012.01,0.03,34.04,10.36,8.61,4.5
2021-07-20,83.49,83.64,81.32,81.92,81.92,3040500.0,1381.2,47012.01,0.03,34.04,10.36,8.61,4.5
2021-07-21,81.85,82.19,80.02,80.58,80.58,3182800.0,1381.2,47012.01,0.03,34.04,10.36,8.61,4.5
2021-07-22,80.31,82.16,80.31,80.92,80.92,2423300.0,1381.2,47012.01,0.03,34.04,10.36,8.61,4.5
2021-07-23,80.71,81.36,80.28,80.85,80.85,1168500.0,1381.2,47012.01,0.03,34.04,10.36,8.61,4.5
2021-07-26,81.01,81.05,79.81,80.17,80.17,2150300.0,1381.2,47012.01,0.03,34.04,10.36,8.61,4.5
2021-07-27,79.73,80.2,78.47,80.08,80.08,3279500.0,1381.2,47012.01,0.03,34.04,10.36,8.61,4.5
2021-07-28,80.62,82.42,80.0,81.7,81.7,2518800.0,1381.2,47012.01,0.03,34.04,10.36,8.61,4.5
2021-07-29,82.07,82.54,80.92,81.9,81.9,1807700.0,1381.2,47012.01,0.03,34.04,10.36,8.61,4.5
2021-07-30,80.67,81.24,79.16,80.0,80.0,2839500.0,1381.2,47012.01,0.03,34.04,10.36,8.61,4.5
2021-08-02,79.49,82.33,79.49,80.14,80.14,2969900.0,1381.2,47012.01,0.03,34.04,10.36,8.61,4.5
2021-08-03,79.62,81.1,78.57,80.63,80.63,2810300.0,1381.2,47012.01,0.03,34.04,10.36,8.61,4.5
2021-08-04,80.77,80.81,77.92,79.7,79.7,4879200.0,1381.2,47012.01,0.03,34.04,10.36,8.61,4.5
2021-08-05,80.15,82.49,79.18,79.79,79.79,2543000.0,1381.2,47012.01,0.03,34.04,10.36,8.61,4.5
2021-08-06,79.9,80.14,79.0,79.39,79.39,1367000.0,1381.2,47012.01,0.03,34.04,10.36,8.61,4.5
2021-08-09,79.09,80.15,78.22,78.23,78.23,2126700.0,1381.2,47012.01,0.03,34.04,10.36,8.61,4.5
2021-08-10,78.51,78.9,77.0,77.62,77.62,2437400.0,1381.2,47012.01,0.03,34.04,10.36,8.61,4.5
2021-08-11,76.62,78.09,75.46,77.28,77.28,8282700.0,1381.2,47012.01,0.03,34.04,10.36,8.61,4.5
2021-08-12,76.65,82.82,76.65,82.62,82.62,9797600.0,1381.2,47012.01,0.03,34.04,10.36,8.61,4.5
2021-08-13,82.8,86.75,82.63,84.23,84.23,6985100.0,1381.2,47012.01,0.03,34.04,10.36,8.61,4.5
2021-08-16,84.3,85.16,81.77,83.0,83.0,3772600.0,1381.2,47012.01,0.03,34.04,10.36,8.61,4.5
2021-08-17,82.7,83.03,80.61,81.5,81.5,3225100.0,1381.2,47012.01,0.03,34.04,10.36,8.61,4.5
2021-08-18,81.7,81.97,78.55,80.01,80.01,5915900.0,1381.2,47012.01,0.03,34.04,10.36,8.61,4.5
2021-08-19,78.59,83.57,78.33,82.52,82.52,3672500.0,1381.2,47012.01,0.03,34.04,10.36,8.61,4.5
2021-08-20,81.44,85.51,80.75,85.4,85.4,4061000.0,1381.2,47012.01,0.03,34.04,10.36,8.61,4.5
2021-08-23,85.4,85.68,81.67,82.43,82.43,2894800.0,1381.2,47012.01,0.03,34.04,10.36,8.61,4.5
2021-08-24,83.05,84.0,82.51,82.87,82.87,1995200.0,1381.2,47012.01,0.03,34.04,10.36,8.61,4.5
2021-08-25,82.92,83.27,81.15,83.11,83.11,3458300.0,1381.2,47012.01,0.03,34.04,10.36,8.61,4.5
2021-08-26,82.05,82.78,80.74,80.8,80.8,2680900.0,1381.2,47012.01,0.03,34.04,10.36,8.61,4.5
2021-08-27,80.99,81.37,79.82,80.74,80.74,3913800.0,1381.2,47012.01,0.03,34.04,10.36,8.61,4.5
2021-08-30,80.74,81.36,79.81,80.25,80.25,1420600.0,1381.2,47012.01,0.03,34.04,10.36,8.61,4.5
2021-08-31,80.34,81.65,79.09,79.94,79.94,4646000.0,1381.2,47012.01,0.03,34.04,10.36,8.61,4.5
2021-09-01,80.19,81.54,79.43,80.95,80.95,1470100.0,1381.2,47012.01,0.03,34.04,10.36,8.61,4.5
2021-09-02,80.18,80.84,78.96,80.42,80.42,2382800.0,1381.2,47012.01,0.03,34.04,10.36,8.61,4.5
2021-09-03,80.86,81.69,79.23,81.69,81.69,4294500.0,1381.2,47012.01,0.03,34.04,10.36,8.61,4.5
2021-09-06,81.09,84.04,81.05,83.65,83.65,1758500.0,1381.2,47012.01,0.03,34.04,10.36,8.61,4.5
2021-09-08,82.81,83.15,80.28,80.81,80.81,2591600.0,1381.2,47012.01,0.03,34.04,10.36,8.61,4.5
2021-09-09,80.84,84.0,79.22,81.95,81.95,2530400.0,1381.2,47012.01,0.03,34.04,10.36,8.61,4.5
2021-09-10,82.5,83.13,81.0,81.25,81.25,1963300.0,1381.2,47012.01,0.03,34.04,10.36,8.61,4.5
2021-09-13,83.0,85.71,82.51,83.62,83.62,2725400.0,1381.2,47012.01,0.03,34.04,10.36,8.61,4.5
2021-09-14,83.71,84.96,83.06,84.7,84.7,1519400.0,1381.2,47012.01,0.03,34.04,10.36,8.61,4.5
2021-09-15,84.83,84.9,82.9,84.75,84.75,1814800.0,1381.2,47012.01,0.03,34.04,10.36,8.61,4.5
2021-09-16,83.91,84.92,83.2,84.39,84.39,2644800.0,1381.2,47012.01,0.03,34.04,10.36,8.61,4.5
2021-09-17,84.41,84.53,81.44,83.0,83.0,3759900.0,1381.2,47012.01,0.03,34.04,10.36,8.61,4.5
2021-09-20,82.38,83.25,80.15,80.71,80.71,3197100.0,1381.2,47012.01,0.03,34.04,10.36,8.61,4.5
2021-09-21,80.72,84.17,80.5,82.78,82.78,1783900.0,1381.2,47012.01,0.03,34.04,10.36,8.61,4.5
2021-09-22,83.36,83.36,78.82,79.57,79.57,5918200.0,1381.2,47012.01,0.03,34.04,10.36,8.61,4.5
2021-09-23,79.62,80.7,77.96,80.53,80.53,3763400.0,1381.2,47012.01,0.03,34.04,10.36,8.61,4.5
2021-09-24,79.76,80.8,78.63,80.3,80.3,1484300.0,1381.2,47012.01,0.03,34.04,10.36,8.61,4.5
2021-09-27,78.69,79.27,76.79,78.2,78.2,2788000.0,1381.2,47012.01,0.03,34.04,10.36,8.61,4.5
2021-09-28,76.52,77.29,72.1,73.6,73.6,6710100.0,1381.2,47012.01,0.03,34.04,10.36,8.61,4.5
2021-09-29,74.1,75.0,72.98,73.85,73.85,3315000.0,1381.2,47012.01,0.03,34.04,10.36,8.61,4.5
2021-09-30,74.68,75.5,73.05,74.61,74.61,3778300.0,1381.2,47012.01,0.03,34.04,10.36,8.61,4.5
2021-10-01,74.11,77.49,73.92,74.59,74.59,3432800.0,1381.2,47012.01,0.03,34.04,10.36,8.61,4.5
2021-10-04,72.88,73.32,70.72,71.2,71.2,6878600.0,1381.2,47012.01,0.03,34.04,10.36,8.61,4.5
2021-10-05,71.34,72.85,70.1,71.38,71.38,4523100.0,1381.2,47012.01,0.03,34.04,10.36,8.61,4.5
2021-10-06,70.05,71.53,68.55,70.5,70.5,4331700.0,1381.2,47012.01,0.03,34.04,10.36,8.61,4.5
2021-10-07,70.01,71.01,68.0,70.1,70.1,7390500.0,1381.2,47012.01,0.03,34.04,10.36,8.61,4.5
2021-10-08,71.27,73.42,70.8,72.0,72.0,4901000.0,1381.2,47012.01,0.03,34.04,10.36,8.61,4.5
