Date,Open,High,Low,Close,Adj Close,Volume,Dividends,Split
2018-05-11,18.75,18.77,18.1,18.4,0.9498,562000.0,0.0,1.0
2018-05-14,18.54,18.65,18.0,18.45,0.9524,504100.0,0.0,1.0
2018-05-15,18.4,18.6,18.1,18.28,0.9436,420700.0,0.0,1.0
2018-05-16,18.31,18.49,18.3,18.4,0.9498,128800.0,0.0,1.0
2018-05-17,18.4,18.42,18.3,18.39,0.9493,68400.0,0.0,1.0
2018-05-18,18.4,18.49,18.0,18.45,0.9524,227000.0,0.0,1.0
2018-05-21,18.44,18.44,18.0,18.1,0.9343,2631000.0,0.0,1.0
2018-05-22,18.3,18.6,18.26,18.5,0.955,776900.0,0.0,1.0
2018-05-23,18.5,19.0,18.31,18.97,0.9792,238400.0,0.0,1.0
2018-05-24,18.98,19.0,18.42,18.42,0.9508,416900.0,0.0,1.0
2018-05-25,18.5,18.7,17.85,18.4,0.9498,379200.0,0.0,1.0
2018-05-28,18.4,18.58,17.8,18.05,0.9317,406800.0,0.0,1.0
2018-05-29,18.12,18.45,17.98,18.35,0.9472,382200.0,0.0,1.0
2018-05-30,18.35,18.48,17.5,17.5,0.9033,166300.0,0.0,1.0
2018-06-01,17.6,18.2,16.3,17.2,0.8879,239000.0,0.0,1.0
2018-06-04,17.36,17.8,17.02,17.25,0.8904,283600.0,0.0,1.0
2018-06-05,17.29,17.59,16.11,16.29,0.8409,854700.0,0.0,1.0
2018-06-06,16.33,16.7,15.5,15.6,0.8053,92500.0,0.0,1.0
2018-06-07,15.5,15.5,13.66,14.5,0.7485,220700.0,0.0,1.0
2018-06-08,14.82,15.38,14.4,14.9,0.7691,128900.0,0.0,1.0
2018-06-11,15.34,16.0,14.9,15.5,0.8001,151100.0,0.0,1.0
2018-06-12,15.68,16.29,15.63,16.0,0.8259,112300.0,0.0,1.0
2018-06-13,16.0,16.27,15.07,15.7,0.8104,99900.0,0.0,1.0
2018-06-14,15.5,16.01,15.5,15.55,0.8027,83900.0,0.0,1.0
2018-06-15,15.71,15.81,15.2,15.3,0.7898,351200.0,0.0,1.0
2018-06-18,15.23,15.47,15.0,15.0,0.7742,44000.0,0.0,1.0
2018-06-19,15.0,15.05,14.64,14.79,0.7635,254500.0,0.0,1.0
2018-06-20,14.46,15.05,14.33,14.33,0.7397,142500.0,0.0,1.0
2018-06-21,14.5,14.5,13.93,13.93,0.7191,59500.0,0.0,1.0
2018-06-22,13.96,14.25,13.81,14.0,0.7227,54300.0,0.0,1.0
2018-06-25,14.11,14.3,14.0,14.04,0.7247,161800.0,0.0,1.0
2018-06-26,14.19,14.2,13.94,14.15,0.7304,138900.0,0.0,1.0
2018-06-27,14.15,14.25,13.85,13.85,0.7149,84500.0,0.0,1.0
2018-06-28,14.0,14.47,13.8,14.15,0.7304,164100.0,0.0,1.0
2018-06-29,14.15,14.45,14.02,14.45,0.7459,208500.0,0.0,1.0
2018-07-02,14.47,14.47,13.7,13.7,0.713,220600.0,0.0065,1.0
2018-07-03,13.78,13.98,13.52,13.52,0.7036,132700.0,0.0,1.0
2018-07-04,13.66,13.81,13.6,13.81,0.7187,33400.0,0.0,1.0
2018-07-05,13.81,14.29,13.81,14.01,0.7291,1378000.0,0.0,1.0
2018-07-06,13.95,14.29,13.68,13.73,0.7145,528200.0,0.0,1.0
2018-07-10,13.8,14.1,13.74,13.74,0.715,194900.0,0.0,1.0
2018-07-11,13.8,14.2,13.74,13.95,0.726,116400.0,0.0,1.0
2018-07-12,13.99,14.44,13.95,14.2,0.739,149500.0,0.0,1.0
2018-07-13,14.3,15.31,14.29,15.08,0.7848,175600.0,0.0,1.0
2018-07-16,15.12,16.4,15.12,16.35,0.8508,147900.0,0.0,1.0
2018-07-17,16.35,17.45,16.35,17.0,0.8847,175700.0,0.0,1.0
2018-07-18,17.04,17.86,17.04,17.24,0.8972,163300.0,0.0,1.0
2018-07-19,17.5,17.78,16.2,16.7,0.8691,301500.0,0.0,1.0
2018-07-20,17.01,17.48,16.8,16.92,0.8805,136100.0,0.0,1.0
2018-07-23,16.95,17.49,16.77,17.25,0.8977,108400.0,0.0,1.0
2018-07-24,17.33,17.5,17.22,17.5,0.9107,60500.0,0.0,1.0
2018-07-25,17.5,18.0,17.2,17.5,0.9107,110000.0,0.0,1.0
2018-07-26,17.7,17.8,17.21,17.21,0.8956,44100.0,0.0,1.0
2018-07-27,17.57,17.63,17.21,17.21,0.8956,35000.0,0.0,1.0
2018-07-30,17.24,17.55,17.01,17.13,0.8915,41100.0,0.0,1.0
2018-07-31,17.39,17.39,16.66,17.0,0.8847,75600.0,0.0,1.0
2018-08-01,17.4,18.0,17.07,17.15,0.8925,221900.0,0.0,1.0
2018-08-02,17.25,17.58,17.2,17.4,0.9056,269800.0,0.0,1.0
2018-08-03,17.48,17.72,17.31,17.66,0.919,499900.0,0.0,1.0
2018-08-06,17.79,19.0,17.79,19.0,0.9888,472500.0,0.0,1.0
2018-08-07,18.99,19.23,18.28,18.64,0.9701,348800.0,0.0,1.0
2018-08-08,18.84,20.0,18.78,19.8,1.0304,335100.0,0.0,1.0
2018-08-09,19.86,20.7,19.86,20.6,1.072,746700.0,0.0,1.0
2018-08-10,20.6,20.6,19.85,20.51,1.0673,164200.0,0.0,1.0
2018-08-13,20.4,21.5,20.05,21.38,1.1127,231900.0,0.0,1.0
2018-08-14,21.41,21.9,21.17,21.71,1.1298,410100.0,0.0,1.0
2018-08-15,21.66,23.18,21.45,23.12,1.2032,382200.0,0.0,1.0
2018-08-16,23.44,24.2,23.44,23.9,1.2438,634700.0,0.0,1.0
2018-08-17,23.88,23.88,21.5,22.4,1.1657,477500.0,0.0,1.0
2018-08-20,22.4,22.81,21.16,22.21,1.1558,366400.0,0.0,1.0
2018-08-21,22.29,23.38,21.45,22.39,1.1652,274200.0,0.0,1.0
2018-08-22,22.37,22.8,21.56,22.03,1.1465,614300.0,0.0,1.0
2018-08-23,22.08,22.89,21.68,21.68,1.1282,808300.0,0.0,1.0
2018-08-24,21.79,22.24,21.2,21.65,1.1267,166400.0,0.0,1.0
2018-08-27,22.0,23.0,21.75,23.0,1.197,428800.0,0.0,1.0
2018-08-28,23.16,24.48,23.16,24.48,1.274,456100.0,0.0,1.0
2018-08-29,24.63,25.55,23.52,24.0,1.249,578600.0,0.0,1.0
2018-08-30,24.19,25.3,24.19,25.25,1.3141,991800.0,0.0,1.0
2018-08-31,25.25,27.0,25.25,26.8,1.3947,1151900.0,0.0,1.0
2018-09-03,27.15,28.39,26.92,28.0,1.4572,1074700.0,0.0,1.0
2018-09-04,28.44,30.9,28.1,29.55,1.5379,1416400.0,0.0,1.0
2018-09-05,29.87,32.1,29.87,31.0,1.6133,1242200.0,0.0,1.0
2018-09-06,32.03,32.6,28.84,29.5,1.5352,1289400.0,0.0,1.0
2018-09-10,29.71,30.98,27.44,27.85,1.4493,661700.0,0.0,1.0
2018-09-11,27.5,27.5,26.01,27.34,1.4228,392400.0,0.0,1.0
2018-09-12,26.82,29.6,26.02,29.6,1.5404,1220900.0,0.0,1.0
2018-09-13,30.01,30.95,28.91,29.18,1.5186,742600.0,0.0,1.0
2018-09-14,29.25,30.48,29.25,30.0,1.5613,398100.0,0.0,1.0
2018-09-17,30.2,30.86,29.56,30.1,1.5664,343100.0,0.0,1.0
2018-09-18,30.1,30.38,28.49,28.95,1.5066,360600.0,0.0,1.0
2018-09-19,29.0,29.7,28.08,28.42,1.479,335300.0,0.0,1.0
2018-09-20,28.4,29.27,27.7,27.9,1.452,189400.0,0.0,1.0
2018-09-21,28.39,28.85,26.74,28.85,1.5014,422500.0,0.0,1.0
2018-09-24,29.4,29.95,28.93,29.6,1.5404,390200.0,0.0,1.0
2018-09-25,29.61,30.45,29.45,30.45,1.5847,248300.0,0.0,1.0
2018-09-26,30.81,31.95,30.8,31.8,1.6549,354700.0,0.0,1.0
2018-09-27,32.18,32.41,30.94,30.99,1.6128,647600.0,0.0,1.0
2018-09-28,31.06,31.55,30.05,30.39,1.5815,1152700.0,0.0,1.0
2018-10-01,30.2,30.2,29.43,29.75,1.5529,552100.0,0.005,1.0
2018-10-02,30.45,30.74,29.9,30.14,1.5732,363100.0,0.0,1.0
2018-10-03,30.46,31.37,29.5,30.1,1.5711,212900.0,0.0,1.0
2018-10-04,30.7,31.08,29.71,30.0,1.5659,169500.0,0.0,1.0
2018-10-05,30.3,30.3,29.45,29.45,1.5372,259800.0,0.0,1.0
2018-10-08,30.0,31.53,30.0,30.71,1.603,498700.0,0.0,1.0
2018-10-09,30.88,36.0,30.6,35.95,1.8765,726900.0,0.0,1.0
2018-10-10,34.4,36.12,33.6,34.97,1.8254,705600.0,0.0,1.0
2018-10-11,35.59,36.0,34.97,36.0,1.8791,352200.0,0.0,1.0
2018-10-15,36.87,40.53,36.62,39.0,2.0357,815200.0,0.0,1.0
2018-10-16,39.44,40.9,37.78,38.3,1.9992,668500.0,0.0,1.0
2018-10-17,38.72,39.87,37.78,38.24,1.996,374900.0,0.0,1.0
2018-10-18,38.51,39.63,37.8,39.26,2.0492,337600.0,0.0,1.0
2018-10-19,39.55,44.1,38.99,43.22,2.256,659000.0,0.0,1.0
2018-10-22,43.89,46.7,43.81,46.27,2.4152,779600.0,0.0,1.0
2018-10-23,46.64,46.94,44.74,45.3,2.3646,739200.0,0.0,1.0
2018-10-24,45.61,46.39,43.81,44.6,2.328,679400.0,0.0,1.0
2018-10-25,45.22,45.8,43.26,43.8,2.2862,428400.0,0.0,1.0
2018-10-26,43.88,45.16,43.35,43.7,2.281,431700.0,0.0,1.0
2018-10-29,45.2,45.2,41.4,42.05,2.1949,385500.0,0.0,1.0
2018-10-30,42.7,42.7,39.65,40.0,2.0879,600300.0,0.0,1.0
2018-10-31,40.53,42.98,38.85,41.8,2.1818,1073800.0,0.0,1.0
2018-11-01,42.98,43.51,41.01,42.65,2.2262,755000.0,0.0,1.0
2018-11-05,43.01,43.67,41.12,41.8,2.1818,451500.0,0.0,1.0
2018-11-06,41.62,41.78,40.5,40.61,2.1197,179500.0,0.0,1.0
2018-11-07,40.74,42.11,39.37,41.5,2.1662,385100.0,0.0,1.0
2018-11-08,41.81,42.4,39.88,40.47,2.1124,350700.0,0.0,1.0
2018-11-09,40.0,40.89,39.71,40.0,2.0879,201300.0,0.0,1.0
2018-11-12,40.49,40.49,38.0,38.0,1.9835,433000.0,0.0,1.0
2018-11-13,37.99,37.99,34.2,34.9,1.8217,1128100.0,0.0,1.0
2018-11-14,34.68,36.45,33.15,35.66,1.8613,1107200.0,0.0,1.0
2018-11-16,36.45,36.81,34.8,35.17,1.8358,563100.0,0.0,1.0
2018-11-19,35.42,35.8,34.91,35.0,1.8269,350500.0,0.0,1.0
2018-11-21,35.0,35.0,33.59,34.27,1.7888,387700.0,0.0,1.0
2018-11-22,34.27,34.66,33.63,34.43,1.7972,530600.0,0.0,1.0
2018-11-23,34.29,35.23,34.0,34.45,1.7982,556300.0,0.0,1.0
2018-11-26,34.75,37.6,34.6,37.6,1.9626,776700.0,0.0,1.0
2018-11-27,37.75,38.9,36.38,37.51,1.9579,1119400.0,0.0,1.0
2018-11-28,37.56,38.23,37.1,37.49,1.9569,479200.0,0.0,1.0
2018-11-29,37.77,39.3,37.51,39.22,2.0472,881000.0,0.0,1.0
2018-11-30,39.22,40.0,38.53,39.45,2.0592,588200.0,0.0,1.0
2018-12-03,40.0,40.49,39.01,39.01,2.0362,504600.0,0.0,1.0
2018-12-04,39.16,39.32,37.92,38.45,2.007,377500.0,0.0,1.0
2018-12-05,38.5,39.59,38.5,39.0,2.0357,324100.0,0.0,1.0
2018-12-06,38.94,39.95,38.13,39.15,2.0435,376100.0,0.0,1.0
2018-12-07,39.21,40.0,39.11,39.65,2.0696,352700.0,0.0,1.0
2018-12-10,39.95,40.99,39.53,40.79,2.1291,912400.0,0.0,1.0
2018-12-11,41.32,41.4,38.61,39.65,2.0696,624800.0,0.0,1.0
2018-12-12,39.4,40.65,38.81,39.9,2.0827,508000.0,0.0,1.0
2018-12-13,40.02,40.66,39.85,39.9,2.0827,290000.0,0.0,1.0
2018-12-14,39.7,40.4,39.12,39.7,2.0723,201800.0,0.0,1.0
2018-12-17,39.68,40.16,37.15,37.71,1.9684,430400.0,0.0,1.0
2018-12-18,37.4,38.08,37.25,37.66,1.9657,347300.0,0.0,1.0
2018-12-19,38.1,38.41,38.05,38.16,1.9918,312400.0,0.0,1.0
2018-12-20,38.19,39.19,37.41,38.64,2.0169,374800.0,0.0,1.0
2018-12-21,38.65,39.48,38.5,39.48,2.0607,1221600.0,0.0,1.0
2018-12-26,39.0,39.16,38.62,38.62,2.0159,541100.0,0.0,1.0
2018-12-27,38.55,39.0,37.9,39.0,2.0357,177600.0,0.0,1.0
2018-12-28,39.06,39.45,38.59,38.59,2.0143,458800.0,0.0,1.0
2019-01-02,38.55,39.9,38.31,39.46,2.0644,297300.0,0.005,1.0
2019-01-03,38.12,39.68,38.06,38.32,2.0048,560300.0,0.0,1.0
2019-01-04,38.74,38.88,37.5,37.85,1.9802,789800.0,0.0,1.0
2019-01-07,37.85,38.17,37.71,38.0,1.988,162600.0,0.0,1.0
2019-01-08,38.62,40.6,38.62,39.81,2.0827,1137700.0,0.0,1.0
2019-01-09,40.29,40.5,39.0,39.95,2.09,437700.0,0.0,1.0
2019-01-10,40.0,40.0,38.73,39.3,2.056,236800.0,0.0,1.0
2019-01-11,39.3,39.63,38.96,39.0,2.0403,746400.0,0.0,1.0
2019-01-14,39.25,40.6,39.15,40.6,2.1241,435600.0,0.0,1.0
2019-01-15,40.66,42.0,39.37,39.81,2.0827,804900.0,0.0,1.0
2019-01-16,40.19,40.31,39.42,40.3,2.1083,236200.0,0.0,1.0
2019-01-17,40.6,41.96,40.6,41.9,2.1921,595400.0,0.0,1.0
2019-01-18,42.3,43.0,42.01,42.34,2.215,336000.0,0.0,1.0
2019-01-21,42.36,43.3,42.36,43.2,2.26,372800.0,0.0,1.0
2019-01-22,43.5,43.99,42.4,43.2,2.26,407400.0,0.0,1.0
2019-01-23,43.36,43.8,43.08,43.44,2.2726,140900.0,0.0,1.0
2019-01-24,41.99,41.99,40.03,41.25,2.1581,1757600.0,0.0,1.0
2019-01-28,40.39,40.39,38.7,39.55,2.0691,882400.0,0.0,1.0
2019-01-29,39.6,40.68,39.28,40.15,2.1005,409500.0,0.0,1.0
2019-01-30,40.3,41.11,40.3,40.7,2.1292,204400.0,0.0,1.0
2019-01-31,40.7,42.3,40.6,41.9,2.1921,335800.0,0.0,1.0
2019-02-01,41.9,42.3,41.0,41.83,2.1884,232900.0,0.0,1.0
2019-02-04,41.9,42.67,41.61,42.67,2.2324,202400.0,0.0,1.0
2019-02-05,42.67,43.14,42.37,43.14,2.2569,210300.0,0.0,1.0
2019-02-06,43.09,43.14,42.4,43.06,2.2527,386500.0,0.0,1.0
2019-02-07,43.06,43.32,42.7,42.9,2.2443,134500.0,0.0,1.0
2019-02-08,43.01,43.01,40.48,40.75,2.1319,427000.0,0.0,1.0
2019-02-11,40.97,41.39,40.01,40.49,2.1182,197100.0,0.0,1.0
2019-02-12,40.65,41.18,38.9,39.05,2.0429,451700.0,0.0,1.0
2019-02-13,39.33,39.41,38.21,38.8,2.0299,478000.0,0.0,1.0
2019-02-14,38.8,39.1,38.04,38.84,2.032,324600.0,0.0,1.0
2019-02-15,38.99,40.3,38.65,40.11,2.0984,218000.0,0.0,1.0
2019-02-18,40.31,40.89,39.66,40.89,2.1392,152600.0,0.0,1.0
2019-02-19,40.8,40.99,40.13,40.4,2.1135,646000.0,0.0,1.0
2019-02-20,40.61,40.9,39.5,40.0,2.0926,150900.0,0.0,1.0
2019-02-21,40.0,40.16,39.66,39.9,2.0874,114900.0,0.0,1.0
2019-02-22,39.99,40.5,39.69,40.22,2.1041,282700.0,0.0,1.0
2019-02-25,40.2,40.5,39.2,39.49,2.066,262800.0,0.0,1.0
2019-02-26,39.56,39.7,38.3,39.0,2.0403,245100.0,0.0,1.0
2019-02-27,39.24,39.36,38.61,38.64,2.0215,258700.0,0.0,1.0
2019-02-28,38.81,39.03,37.71,38.2,1.9984,347000.0,0.0,1.0
2019-03-01,38.2,40.2,38.2,40.07,2.0963,266100.0,0.0,1.0
2019-03-06,40.0,40.07,38.94,40.07,2.0963,173800.0,0.0,1.0
2019-03-07,40.1,40.6,40.1,40.6,2.1241,350600.0,0.0,1.0
2019-03-08,40.61,41.69,40.19,41.45,2.1685,438700.0,0.0,1.0
2019-03-11,41.32,43.1,41.17,43.0,2.2496,439200.0,0.0,1.0
2019-03-12,42.96,44.0,42.25,43.8,2.2914,842300.0,0.0,1.0
2019-03-13,43.79,43.87,42.75,43.8,2.2914,627400.0,0.0,1.0
2019-03-14,43.77,43.86,43.04,43.73,2.2877,257400.0,0.0,1.0
2019-03-15,43.56,44.3,43.33,44.23,2.3139,485800.0,0.0,1.0
2019-03-18,44.4,45.89,44.33,44.89,2.3485,415100.0,0.0,1.0
2019-03-19,45.01,47.02,45.01,46.52,2.4337,1732200.0,0.0,1.0
2019-03-20,46.5,48.99,46.5,48.45,2.5347,1524000.0,0.0,1.0
2019-03-21,48.45,48.72,47.41,48.72,2.5489,705200.0,0.0,1.0
2019-03-22,47.9,50.0,47.9,48.09,2.5159,623700.0,0.0,1.0
2019-03-25,47.9,50.4,46.7,49.0,2.6909,412000.0,0.1265,1.0
2019-03-26,49.39,54.29,49.26,54.0,2.9655,1064000.0,0.0,1.0
2019-03-27,53.47,54.95,52.58,52.99,2.91,771600.0,0.0,1.0
2019-03-28,52.89,52.9,50.35,51.7,2.8391,933700.0,0.0,1.0
2019-03-29,51.72,54.09,51.72,52.91,2.9056,282400.0,0.0,1.0
2019-04-01,53.09,54.8,53.09,53.4,2.9325,808900.0,0.0,1.0
2019-04-02,53.55,55.49,53.51,55.49,3.0473,272800.0,0.0,1.0
2019-04-03,56.0,57.87,55.49,56.2,3.0863,580500.0,0.0,1.0
2019-04-04,56.31,56.88,55.6,55.99,3.0748,341000.0,0.0,1.0
2019-04-05,56.3,57.95,54.66,57.95,3.1823,265000.0,0.0,1.0
2019-04-08,58.01,58.08,56.98,57.3,3.1466,436100.0,0.0,1.0
2019-04-09,57.41,57.47,56.58,57.2,3.1412,143300.0,0.0,1.0
2019-04-10,57.47,57.47,55.8,56.15,3.0835,177000.0,0.0,1.0
2019-04-11,56.4,57.46,53.91,55.0,3.0204,1116400.0,0.0,1.0
2019-04-12,54.1,56.49,54.1,55.2,3.0314,439300.0,0.0,1.0
2019-04-15,55.47,55.96,54.4,54.4,2.9874,187700.0,0.0,1.0
2019-04-16,54.35,54.9,53.6,54.23,2.9781,190600.0,0.0,1.0
2019-04-17,54.5,57.28,53.88,56.3,3.0918,895900.0,0.0,1.0
2019-04-18,57.0,60.28,56.4,59.99,3.2944,684600.0,0.0,1.0
2019-04-22,60.29,64.94,60.29,63.6,3.4926,1198200.0,0.0,1.0
2019-04-23,64.6,66.5,61.97,62.39,3.4262,1077500.0,0.0,1.0
2019-04-24,62.84,63.95,62.3,63.58,3.4915,986800.0,0.0,1.0
2019-04-25,64.0,64.56,63.3,63.9,3.5091,447600.0,0.0,1.0
2019-04-26,64.4,64.53,63.3,64.4,3.5366,233600.0,0.0,1.0
2019-04-29,64.5,65.72,64.0,64.0,3.5147,480300.0,0.0,1.0
2019-04-30,64.88,65.31,64.1,64.86,3.5618,262600.0,0.0,1.0
2019-05-02,65.0,66.8,62.7,63.68,3.4971,710900.0,0.0,1.0
2019-05-03,63.68,64.35,60.81,64.35,3.5338,594300.0,0.0,1.0
2019-05-06,63.0,64.08,62.78,63.32,3.4773,265700.0,0.0,1.0
2019-05-07,63.5,63.88,62.01,63.29,3.4756,259300.0,0.0,1.0
2019-05-08,63.58,64.0,62.44,62.44,3.429,403600.0,0.0,1.0
2019-05-09,62.45,63.4,60.9,61.25,3.3636,303900.0,0.0,1.0
2019-05-10,61.41,62.61,59.26,59.32,3.2577,321000.0,0.0,1.0
2019-05-13,58.99,58.99,56.71,56.8,3.1193,445200.0,0.0,1.0
2019-05-14,57.8,58.3,54.29,55.2,3.0314,576800.0,0.0,1.0
2019-05-15,55.0,56.6,54.54,56.5,3.1028,647900.0,0.0,1.0
2019-05-16,56.81,60.15,55.69,59.0,3.2401,1027700.0,0.0,1.0
2019-05-17,59.0,59.95,57.14,57.81,3.1747,644500.0,0.0,1.0
2019-05-20,57.6,61.74,57.6,60.97,3.3482,650400.0,0.0,1.0
2019-05-21,61.5,64.9,61.44,64.2,3.5256,532900.0,0.0,1.0
2019-05-22,64.2,65.39,62.61,63.24,3.4729,477900.0,0.0,1.0
2019-05-23,63.4,64.49,62.7,64.45,3.5394,263700.0,0.0,1.0
2019-05-24,64.6,65.37,63.51,64.6,3.5476,382500.0,0.0,1.0
2019-05-27,64.98,65.99,64.81,65.54,3.5992,336400.0,0.0,1.0
2019-05-28,65.6,68.6,65.6,68.5,3.7618,1085600.0,0.0,1.0
2019-05-29,68.39,69.95,67.84,69.6,3.8222,895000.0,0.0,1.0
2019-05-30,69.7,71.16,69.2,69.49,3.8162,499100.0,0.0,1.0
2019-05-31,69.33,69.33,67.18,67.24,3.6926,410200.0,0.0,1.0
2019-06-03,67.24,68.0,65.7,66.1,3.6299,819500.0,0.0,1.0
2019-06-04,66.89,67.46,64.0,64.0,3.5147,457100.0,0.0,1.0
2019-06-05,64.0,64.0,59.56,59.56,3.2708,785800.0,0.0,1.0
2019-06-06,60.3,62.61,56.54,62.49,3.4317,1442500.0,0.0,1.0
2019-06-07,63.5,64.87,63.1,63.49,3.4866,556300.0,0.0,1.0
2019-06-10,63.52,64.4,61.21,64.4,3.5366,627800.0,0.0,1.0
2019-06-11,65.32,66.0,64.1,64.1,3.5201,711200.0,0.0,1.0
2019-06-12,64.3,65.4,62.0,62.0,3.4047,630500.0,0.0,1.0
2019-06-13,62.72,63.5,60.5,60.8,3.3389,431600.0,0.0,1.0
2019-06-14,61.0,62.11,60.5,61.0,3.3499,313400.0,0.0,1.0
2019-06-17,61.46,61.68,58.61,59.21,3.2515,1052700.0,0.0,1.0
2019-06-18,59.92,60.6,59.4,59.82,3.285,479400.0,0.0,1.0
2019-06-19,59.82,60.6,59.41,59.7,3.2785,913300.0,0.0,1.0
2019-06-21,60.2,60.2,59.06,60.19,3.3054,5713800.0,0.0,1.0
2019-06-24,60.22,61.93,59.5,59.7,3.2785,630200.0,0.0,1.0
2019-06-25,59.81,60.41,59.1,59.99,3.2944,293000.0,0.0,1.0
2019-06-26,59.99,60.58,58.71,58.83,3.2307,310200.0,0.0,1.0
2019-06-27,59.0,60.83,58.01,60.83,3.3405,768500.0,0.0,1.0
2019-06-28,61.2,61.65,60.85,60.91,3.3518,685300.0,0.0069,1.0
2019-07-01,61.5,62.0,61.5,61.8,3.4008,380200.0,0.0,1.0
2019-07-02,62.0,62.74,61.12,62.5,3.4393,400600.0,0.0,1.0
2019-07-03,62.76,64.58,62.6,64.5,3.5493,856800.0,0.0,1.0
2019-07-04,11.09,11.86,10.95,11.86,3.9158,9435900.0,0.0,6.0
2019-07-05,12.21,13.55,12.21,12.98,4.2857,17826900.0,0.0,1.0
2019-07-08,13.71,14.57,13.5,14.39,4.7512,17026400.0,0.0,1.0
2019-07-10,15.3,16.5,13.99,13.99,4.6191,27348300.0,0.0,1.0
2019-07-11,13.0,14.29,12.82,13.9,4.5894,20932400.0,0.0,1.0
2019-07-12,14.47,14.65,13.45,13.67,4.5135,6891200.0,0.0,1.0
2019-07-15,13.68,13.68,13.02,13.1,4.3253,4579500.0,0.0,1.0
2019-07-16,12.89,13.89,12.38,13.89,4.5861,8974200.0,0.0,1.0
2019-07-17,14.1,14.25,13.52,13.59,4.4871,5541900.0,0.0,1.0
2019-07-18,13.71,13.84,13.36,13.6,4.4903,2646000.0,0.0,1.0
2019-07-19,13.75,14.0,13.47,13.77,4.5465,5076800.0,0.0,1.0
2019-07-22,13.78,13.95,13.57,13.76,4.5432,1823700.0,0.0,1.0
2019-07-23,13.88,14.13,13.53,14.08,4.6488,3337000.0,0.0,1.0
2019-07-24,14.08,14.15,13.71,13.71,4.5267,1991800.0,0.0,1.0
2019-07-25,13.83,13.96,13.63,13.84,4.5696,1692800.0,0.0,1.0
2019-07-26,13.82,14.05,13.64,13.87,4.5795,2738600.0,0.0,1.0
2019-07-29,13.98,13.99,13.51,13.54,4.4705,1202300.0,0.0,1.0
2019-07-30,16.0,16.04,14.6,15.75,5.2002,12948500.0,0.0,1.0
2019-07-31,15.91,17.5,15.88,16.45,5.4313,14163200.0,0.0,1.0
2019-08-01,17.35,17.85,17.12,17.66,5.8309,7660600.0,0.0,1.0
2019-08-02,17.8,17.99,16.66,17.63,5.821,6921100.0,0.0,1.0
2019-08-05,17.2,17.57,16.86,17.03,5.6229,1681800.0,0.0,1.0
2019-08-06,17.2,17.45,16.9,17.05,5.6294,1181500.0,0.0,1.0
2019-08-07,17.05,17.42,16.86,17.42,5.7517,1521600.0,0.0,1.0
2019-08-08,17.45,19.28,17.45,19.28,6.3658,4054400.0,0.0,1.0
2019-08-09,19.61,20.65,19.44,20.38,6.7289,6985000.0,0.0,1.0
2019-08-12,20.9,21.7,20.5,20.8,6.8676,5908000.0,0.0,1.0
2019-08-13,21.35,22.26,20.59,22.1,7.2969,5550700.0,0.0,1.0
2019-08-14,22.4,23.98,22.35,23.5,7.759,9559800.0,0.0,1.0
2019-08-15,24.1,24.59,20.77,21.1,6.9666,10395100.0,0.0,1.0
2019-08-16,22.02,22.3,18.04,19.7,6.5045,12325600.0,0.0,1.0
2019-08-19,19.95,20.29,18.3,18.65,6.1578,6634600.0,0.0,1.0
2019-08-20,17.88,20.36,17.0,19.91,6.5738,9086800.0,0.0,1.0
2019-08-21,19.84,21.15,19.51,21.03,6.9436,6642200.0,0.0,1.0
2019-08-22,21.49,21.85,20.0,20.73,6.8445,5450100.0,0.0,1.0
2019-08-23,20.02,21.18,19.77,19.99,6.6001,4043000.0,0.0,1.0
2019-08-26,20.46,20.98,19.56,19.56,6.4582,2394700.0,0.0,1.0
2019-08-27,19.75,19.94,18.76,19.8,6.5374,3111900.0,0.0,1.0
2019-08-28,19.67,20.97,19.37,20.7,6.8346,4011200.0,0.0,1.0
2019-08-29,21.07,21.31,20.5,20.5,6.7685,2795000.0,0.0,1.0
2019-08-30,20.86,20.95,19.85,19.85,6.554,3347800.0,0.0,1.0
2019-09-02,20.05,20.39,19.84,20.15,6.653,2767200.0,0.0,1.0
2019-09-03,20.15,20.53,19.89,19.91,6.5738,1294700.0,0.0,1.0
2019-09-04,20.2,20.33,19.63,19.69,6.5011,1300200.0,0.0,1.0
2019-09-05,19.8,20.04,19.7,19.74,6.5176,1112200.0,0.0,1.0
2019-09-06,19.83,20.0,19.2,19.29,6.369,1243300.0,0.0,1.0
2019-09-09,19.3,19.47,18.18,18.32,6.0488,2418000.0,0.0,1.0
2019-09-10,18.35,18.57,17.18,17.5,5.778,3209800.0,0.0,1.0
2019-09-11,17.75,18.69,17.67,18.69,6.1709,2465200.0,0.0,1.0
2019-09-12,18.8,19.07,18.3,18.6,6.1412,1677000.0,0.0,1.0
2019-09-13,18.6,18.94,18.34,18.43,6.0851,1606100.0,0.0,1.0
2019-09-16,19.69,19.69,18.9,19.25,6.3559,2576700.0,0.0,1.0
2019-09-17,19.1,19.45,18.82,19.06,6.2931,1502100.0,0.0,1.0
2019-09-18,19.01,19.54,18.91,19.45,6.4218,1170900.0,0.0,1.0
2019-09-19,19.59,19.83,19.38,19.42,6.4119,1304100.0,0.0,1.0
2019-09-20,19.59,19.8,18.9,19.7,6.5045,2332600.0,0.0,1.0
2019-09-23,19.5,19.56,19.16,19.46,6.4252,1290400.0,0.0,1.0
2019-09-24,19.47,19.64,19.05,19.11,6.3096,666400.0,0.0,1.0
2019-09-25,19.08,19.34,18.56,19.2,6.3393,1083200.0,0.0,1.0
2019-09-26,19.24,19.49,19.04,19.2,6.3393,926000.0,0.0,1.0
2019-09-27,19.26,19.3,19.0,19.03,6.2832,654900.0,0.0,1.0
2019-09-30,19.01,19.13,18.85,18.88,6.2336,532700.0,0.0,1.0
2019-10-01,18.9,18.95,18.18,18.32,6.0547,1374100.0,0.0061,1.0
2019-10-02,18.0,18.21,17.36,17.53,5.7935,2203200.0,0.0,1.0
2019-10-03,17.66,17.84,16.68,16.7,5.5193,2799200.0,0.0,1.0
2019-10-04,16.85,17.07,15.96,16.06,5.3077,2797000.0,0.0,1.0
2019-10-07,15.73,15.89,15.33,15.5,5.1227,2823100.0,0.0,1.0
2019-10-08,15.4,15.76,14.96,15.47,5.1128,3232200.0,0.0,1.0
2019-10-09,15.64,16.75,15.01,16.75,5.5357,4201900.0,0.0,1.0
2019-10-10,16.91,17.41,16.06,16.1,5.321,7118500.0,0.0,1.0
2019-10-11,16.4,16.9,16.2,16.9,5.5853,3180600.0,0.0,1.0
2019-10-14,17.16,17.95,17.07,17.69,5.8464,4961500.0,0.0,1.0
2019-10-15,18.01,18.58,17.01,17.2,5.6844,5354700.0,0.0,1.0
2019-10-16,17.21,17.23,16.57,16.93,5.5952,3313600.0,0.0,1.0
2019-10-17,16.97,17.29,16.71,16.87,5.5754,2446800.0,0.0,1.0
2019-10-18,16.9,17.1,16.74,16.8,5.5523,1057900.0,0.0,1.0
2019-10-21,16.83,17.04,16.64,16.99,5.615,1112300.0,0.0,1.0
2019-10-22,17.12,17.12,16.69,16.97,5.6085,1236700.0,0.0,1.0
2019-10-23,17.0,17.03,16.73,16.78,5.5456,1076900.0,0.0,1.0
2019-10-24,16.85,16.93,16.22,16.55,5.4697,1455900.0,0.0,1.0
2019-10-25,16.55,16.84,16.43,16.84,5.5655,789800.0,0.0,1.0
2019-10-28,16.85,17.08,16.61,17.0,5.6184,887100.0,0.0,1.0
2019-10-29,17.0,17.47,16.76,17.26,5.7043,1703000.0,0.0,1.0
2019-10-30,17.42,17.64,17.24,17.58,5.8101,1156600.0,0.0,1.0
2019-10-31,17.6,17.64,17.11,17.14,5.6646,897700.0,0.0,1.0
2019-11-01,17.2,17.39,16.87,16.98,5.6118,1119400.0,0.0,1.0
2019-11-04,16.98,17.19,16.71,16.71,5.5225,1240900.0,0.0,1.0
2019-11-05,16.91,16.91,16.54,16.6,5.4861,869100.0,0.0,1.0
2019-11-06,16.62,16.89,16.45,16.86,5.5721,960200.0,0.0,1.0
2019-11-07,16.25,16.48,15.8,15.9,5.2548,6201900.0,0.0,1.0
2019-11-08,15.79,15.91,15.31,15.38,5.083,2414500.0,0.0,1.0
2019-11-11,15.1,15.23,14.82,15.04,4.9706,3063100.0,0.0,1.0
2019-11-12,14.85,14.85,13.84,13.85,4.5774,4312900.0,0.0,1.0
2019-11-13,13.56,13.76,12.98,13.35,4.4121,5395800.0,0.0,1.0
2019-11-14,13.56,14.91,13.56,14.9,4.9244,5576000.0,0.0,1.0
2019-11-18,15.2,15.6,14.82,14.93,4.9343,3781100.0,0.0,1.0
2019-11-19,15.0,15.37,14.52,14.68,4.8516,2248100.0,0.0,1.0
2019-11-21,14.7,15.26,14.7,14.99,4.9541,1818300.0,0.0,1.0
2019-11-22,15.07,15.22,14.92,14.99,4.9541,1163300.0,0.0,1.0
2019-11-25,14.98,15.17,14.26,14.4,4.7591,1665300.0,0.0,1.0
2019-11-26,14.48,14.6,13.7,13.7,4.5278,5030500.0,0.0,1.0
2019-11-27,14.15,14.38,13.93,14.04,4.6401,2083000.0,0.0,1.0
2019-11-28,14.1,14.81,13.87,14.6,4.8252,2344300.0,0.0,1.0
2019-11-29,14.6,15.12,14.53,15.06,4.9772,2678000.0,0.0,1.0
2019-12-02,15.08,15.36,14.82,15.0,4.9574,1738300.0,0.0,1.0
2019-12-03,15.11,15.22,14.88,15.19,5.0201,1151000.0,0.0,1.0
2019-12-04,15.26,15.65,15.16,15.5,5.1227,2033100.0,0.0,1.0
2019-12-05,15.56,15.9,15.43,15.7,5.1887,1871400.0,0.0,1.0
2019-12-06,15.75,16.05,15.61,15.89,5.2516,1894600.0,0.0,1.0
2019-12-09,15.89,16.21,15.86,16.0,5.2878,1454600.0,0.0,1.0
2019-12-10,16.06,16.06,15.62,15.62,5.1623,1002100.0,0.0,1.0
2019-12-11,15.76,15.97,15.62,15.85,5.2383,1068400.0,0.0,1.0
2019-12-12,15.87,15.97,15.0,15.0,4.9574,4499300.0,0.0,1.0
2019-12-13,15.0,15.22,14.52,15.12,4.997,2251100.0,0.0,1.0
2019-12-16,15.23,15.48,14.99,15.3,5.0565,2292100.0,0.0,1.0
2019-12-17,15.3,15.3,15.01,15.05,4.9739,771100.0,0.0,1.0
2019-12-18,15.11,15.39,15.01,15.08,4.9839,1169900.0,0.0,1.0
2019-12-19,15.01,15.08,14.8,14.89,4.921,1247000.0,0.0,1.0
2019-12-20,14.89,15.07,14.77,14.94,4.9376,1380300.0,0.0,1.0
2019-12-23,14.95,15.04,14.62,14.76,4.8781,1543200.0,0.0,1.0
2019-12-26,14.79,15.28,14.59,15.26,5.0433,1766700.0,0.0,1.0
2019-12-27,15.26,15.46,15.04,15.08,5.0017,1489100.0,0.0182,1.0
2019-12-30,15.09,15.96,15.09,15.68,5.2007,2661300.0,0.0,1.0
2020-01-02,15.95,16.0,15.16,15.7,5.2073,2727700.0,0.0,1.0
2020-01-03,15.35,16.0,15.22,15.98,5.3002,2740400.0,0.0,1.0
2020-01-06,15.92,17.3,15.73,17.25,5.7214,5952400.0,0.0,1.0
2020-01-07,17.3,17.79,16.78,17.53,5.8143,5856400.0,0.0,1.0
2020-01-08,17.55,17.74,17.0,17.38,5.7645,2323700.0,0.0,1.0
2020-01-09,17.38,17.47,16.83,17.26,5.7247,1498300.0,0.0,1.0
2020-01-10,17.7,18.35,17.66,17.8,5.9038,4627500.0,0.0,1.0
2020-01-13,18.2,18.59,17.83,17.99,5.9669,3298800.0,0.0,1.0
2020-01-14,17.9,18.09,17.37,17.8,5.9038,1654800.0,0.0,1.0
2020-01-15,18.0,18.25,17.77,18.06,5.9901,1588000.0,0.0,1.0
2020-01-16,18.31,19.25,18.1,19.15,6.3516,2918100.0,0.0,1.0
2020-01-17,19.2,19.35,18.5,18.6,6.1692,2016300.0,0.0,1.0
2020-01-20,18.58,19.07,18.56,18.65,6.1858,1210000.0,0.0,1.0
2020-01-21,18.8,19.24,18.33,18.4,6.1028,2400300.0,0.0,1.0
2020-01-22,18.78,18.84,17.81,18.37,6.0929,2155100.0,0.0,1.0
2020-01-23,18.4,18.66,18.03,18.4,6.1028,1315000.0,0.0,1.0
2020-01-24,18.45,18.76,18.06,18.06,5.9901,1201600.0,0.0,1.0
2020-01-27,17.79,17.84,17.0,17.0,5.6385,1589400.0,0.0,1.0
2020-01-28,17.0,17.45,16.9,16.95,5.6219,1014700.0,0.0,1.0
2020-01-29,17.15,17.35,16.52,16.76,5.5589,1367600.0,0.0,1.0
2020-01-30,16.45,16.55,15.85,16.32,5.413,2132000.0,0.0,1.0
2020-01-31,16.23,16.3,15.96,15.96,5.2936,822200.0,0.0,1.0
2020-02-03,15.94,16.62,15.61,16.55,5.4893,1491800.0,0.0,1.0
2020-02-04,17.0,17.18,16.7,16.9,5.6053,1818000.0,0.0,1.0
2020-02-05,17.16,17.35,16.7,16.9,5.6053,1862200.0,0.0,1.0
2020-02-06,17.08,17.12,16.56,17.09,5.6684,1795600.0,0.0,1.0
2020-02-07,17.0,17.0,16.21,16.38,5.4329,1171700.0,0.0,1.0
2020-02-10,16.38,16.38,15.5,15.51,5.1443,1657000.0,0.0,1.0
2020-02-11,15.83,16.43,15.67,16.05,5.3234,1281600.0,0.0,1.0
2020-02-12,16.26,16.88,16.15,16.62,5.5125,1790600.0,0.0,1.0
2020-02-13,16.74,17.15,16.03,16.03,5.3168,2420100.0,0.0,1.0
2020-02-14,16.15,16.41,15.85,15.99,5.3035,1118600.0,0.0,1.0
2020-02-17,16.05,16.21,15.57,15.89,5.2704,1302800.0,0.0,1.0
2020-02-18,15.6,15.6,15.19,15.59,5.1709,1223600.0,0.0,1.0
2020-02-19,15.36,15.56,15.04,15.35,5.0913,1625900.0,0.0,1.0
2020-02-20,15.35,15.79,15.15,15.47,5.1311,1607700.0,0.0,1.0
2020-02-21,15.28,15.72,15.22,15.46,5.1277,917600.0,0.0,1.0
2020-02-26,14.7,14.73,14.29,14.52,4.816,1327600.0,0.0,1.0
2020-02-27,14.44,15.45,13.88,14.5,4.8093,1816400.0,0.0,1.0
2020-02-28,14.15,15.31,14.06,15.31,5.0779,1807200.0,0.0,1.0
2020-03-02,15.43,15.73,15.03,15.41,5.1112,1384600.0,0.0,1.0
2020-03-03,15.43,15.68,14.75,15.08,5.0017,1218800.0,0.0,1.0
2020-03-04,15.3,15.49,14.79,14.97,4.9652,1009300.0,0.0,1.0
2020-03-05,15.09,15.09,13.47,13.71,4.5473,1534900.0,0.0,1.0
2020-03-06,13.05,13.23,12.21,12.55,4.1625,2534900.0,0.0,1.0
2020-03-09,11.5,11.5,9.7,9.7,3.2172,3538900.0,0.0,1.0
2020-03-10,10.63,11.12,10.29,11.12,3.6883,2703600.0,0.0,1.0
2020-03-11,10.84,11.8,9.36,9.9,3.2836,3168100.0,0.0,1.0
2020-03-12,7.31,8.5,7.26,7.9,2.6202,2409500.0,0.0,1.0
2020-03-13,9.6,9.98,8.23,9.98,3.3102,3217700.0,0.0,1.0
2020-03-16,8.41,8.61,7.9,8.19,2.7164,3601000.0,0.0,1.0
2020-03-17,8.41,8.7,7.77,8.4,2.7861,4207700.0,0.0,1.0
2020-03-18,7.9,7.95,6.05,6.9,2.2886,2932700.0,0.0,1.0
2020-03-19,6.2,7.49,5.79,7.2,2.3881,4428100.0,0.0,1.0
2020-03-20,8.12,8.89,7.9,8.5,2.8192,6198300.0,0.0,1.0
2020-03-23,8.22,9.09,7.91,9.0,2.9851,2843100.0,0.0,1.0
2020-03-24,9.6,10.21,9.5,9.89,3.2803,1983300.0,0.0,1.0
2020-03-25,9.99,10.98,9.9,10.12,3.3565,2354500.0,0.0,1.0
2020-03-26,10.1,11.84,9.8,11.84,3.9271,2881900.0,0.0,1.0
2020-03-27,11.11,11.33,10.6,11.33,3.7579,2429600.0,0.0,1.0
2020-03-30,11.33,11.8,10.81,10.81,3.5854,1322900.0,0.0,1.0
2020-03-31,11.0,11.2,10.07,10.59,3.5125,1595300.0,0.0,1.0
2020-04-01,10.16,10.42,9.68,10.22,3.3972,824200.0,0.0077,1.0
2020-04-02,10.58,10.7,9.97,10.46,3.477,907200.0,0.0,1.0
2020-04-03,10.38,10.42,9.13,9.32,3.098,1735700.0,0.0,1.0
2020-04-06,9.81,10.04,9.23,9.23,3.0681,2490400.0,0.0,1.0
2020-04-07,9.7,9.91,9.16,9.21,3.0614,1582400.0,0.0,1.0
2020-04-08,9.31,9.6,9.18,9.32,3.098,1395100.0,0.0,1.0
2020-04-09,9.49,10.14,9.4,9.4,3.1246,2459200.0,0.0,1.0
2020-04-13,9.4,10.1,9.23,9.6,3.1911,3787400.0,0.0,1.0
2020-04-14,9.73,10.29,9.62,9.8,3.2576,3707300.0,0.0,1.0
2020-04-15,9.64,9.73,9.36,9.49,3.1545,2744200.0,0.0,1.0
2020-04-16,9.7,9.79,9.02,9.1,3.0248,2947100.0,0.0,1.0
2020-04-17,9.4,9.4,9.04,9.22,3.0647,1974000.0,0.0,1.0
2020-04-20,9.1,9.55,8.84,9.5,3.1579,2659500.0,0.0,1.0
2020-04-22,9.72,9.84,9.3,9.55,3.1744,1959700.0,0.0,1.0
2020-04-23,9.6,10.11,9.5,9.92,3.2975,3026500.0,0.0,1.0
2020-04-24,9.75,9.87,8.53,9.0,2.9916,3695100.0,0.0,1.0
2020-04-27,9.21,9.49,9.02,9.3,3.0914,1446500.0,0.0,1.0
2020-04-28,9.4,9.83,9.32,9.66,3.211,2075500.0,0.0,1.0
2020-04-29,9.9,9.99,9.52,9.74,3.2376,1892200.0,0.0,1.0
2020-04-30,9.78,9.94,9.34,9.34,3.1046,1670100.0,0.0,1.0
2020-05-04,9.13,9.19,8.86,9.19,3.0548,1894900.0,0.0,1.0
2020-05-05,9.29,9.56,9.17,9.39,3.1213,3552200.0,0.0,1.0
2020-05-06,9.31,9.49,9.15,9.3,3.0914,1691600.0,0.0,1.0
2020-05-07,9.38,9.48,8.78,8.99,2.9883,4439100.0,0.0,1.0
2020-05-08,9.0,9.13,8.8,8.83,2.9351,2876800.0,0.0,1.0
2020-05-11,8.84,9.1,8.7,8.85,2.9418,2082900.0,0.0,1.0
2020-05-12,8.89,8.95,8.32,8.65,2.8753,2696200.0,0.0,1.0
2020-05-13,8.64,8.93,8.5,8.93,2.9684,1849900.0,0.0,1.0
2020-05-14,8.78,9.09,8.63,9.09,3.0216,1432100.0,0.0,1.0
2020-05-15,9.11,9.19,8.76,8.89,2.955,1538200.0,0.0,1.0
2020-05-18,9.24,9.49,8.96,9.45,3.1412,1391600.0,0.0,1.0
2020-05-19,9.45,9.83,9.39,9.45,3.1412,1469100.0,0.0,1.0
2020-05-20,9.1,9.51,8.87,8.91,2.9617,4101100.0,0.0,1.0
2020-05-21,8.99,9.1,8.7,8.96,2.9784,3405500.0,0.0,1.0
2020-05-22,8.95,9.39,8.72,9.34,3.1046,2720300.0,0.0,1.0
2020-05-25,9.5,10.33,9.49,10.29,3.4204,2868400.0,0.0,1.0
2020-05-26,10.44,11.62,10.44,11.6,3.8559,4373400.0,0.0,1.0
2020-05-27,11.8,12.15,11.12,11.61,3.8592,3698400.0,0.0,1.0
2020-05-28,11.65,11.9,11.32,11.43,3.7994,1815200.0,0.0,1.0
2020-05-29,11.41,11.6,11.13,11.6,3.8559,1239100.0,0.0,1.0
2020-06-01,11.71,12.65,11.64,12.54,4.1683,3594500.0,0.0,1.0
2020-06-02,12.8,13.04,12.0,12.01,3.9921,2851400.0,0.0,1.0
2020-06-03,12.37,12.54,12.06,12.3,4.0886,2935900.0,0.0,1.0
2020-06-04,12.0,12.54,11.65,12.5,4.1551,1771900.0,0.0,1.0
2020-06-05,13.03,13.29,12.4,13.1,4.3545,2939000.0,0.0,1.0
2020-06-08,12.99,13.19,12.61,12.75,4.2382,3584100.0,0.0,1.0
2020-06-09,12.52,12.59,12.22,12.25,4.0719,1660700.0,0.0,1.0
2020-06-10,12.5,12.74,11.65,11.65,3.8725,1929400.0,0.0,1.0
2020-06-12,11.1,11.95,10.81,11.95,3.9722,1510100.0,0.0,1.0
2020-06-15,11.52,12.3,10.98,12.11,4.0254,2703300.0,0.0,1.0
2020-06-16,12.48,12.7,11.92,11.98,3.9822,2342500.0,0.0,1.0
2020-06-17,12.02,12.41,11.92,12.06,4.0088,1014100.0,0.0,1.0
2020-06-18,12.04,12.33,11.85,11.86,3.9423,1001600.0,0.0,1.0
2020-06-19,12.05,12.33,11.42,11.42,3.7961,3533800.0,0.0,1.0
2020-06-22,11.66,12.8,11.44,12.8,4.2548,5004200.0,0.0,1.0
2020-06-23,13.07,13.83,12.82,13.0,4.3212,5963000.0,0.0,1.0
2020-06-24,12.87,13.35,12.43,12.5,4.1551,2070600.0,0.0,1.0
2020-06-25,12.6,13.37,12.44,13.37,4.4443,2546500.0,0.0,1.0
2020-06-26,13.37,14.7,13.27,13.9,4.6204,5540100.0,0.0,1.0
2020-06-29,14.35,15.14,13.85,15.08,5.0127,3990700.0,0.0,1.0
2020-06-30,15.05,15.47,14.04,14.4,4.7866,3363100.0,0.0,1.0
2020-07-01,14.48,15.5,14.23,15.48,5.1456,3815500.0,0.0,1.0
2020-07-02,15.7,15.97,15.03,15.15,5.0359,3547600.0,0.0,1.0
2020-07-03,15.2,15.45,14.69,15.4,5.119,1032000.0,0.0,1.0
2020-07-06,15.62,16.08,15.44,15.44,5.1402,2085400.0,0.0077,1.0
2020-07-07,15.43,15.78,15.13,15.19,5.0569,1377400.0,0.0,1.0
2020-07-08,15.26,15.76,15.16,15.76,5.2467,903900.0,0.0,1.0
2020-07-09,15.78,15.96,15.34,15.85,5.2766,930600.0,0.0,1.0
2020-07-10,15.96,17.36,15.8,17.33,5.7694,4208800.0,0.0,1.0
2020-07-13,17.43,17.7,16.38,16.49,5.4898,3526700.0,0.0,1.0
2020-07-14,16.75,16.86,16.24,16.53,5.503,1999600.0,0.0,1.0
2020-07-15,16.67,16.98,16.5,16.75,5.5762,1135200.0,0.0,1.0
2020-07-16,16.6,17.04,16.4,16.89,5.6229,1024200.0,0.0,1.0
2020-07-17,16.9,17.34,16.85,17.09,5.6895,1638700.0,0.0,1.0
2020-07-20,17.09,17.45,17.09,17.3,5.7594,1668400.0,0.0,1.0
2020-07-21,17.45,17.79,17.19,17.76,5.9125,1757800.0,0.0,1.0
2020-07-22,17.72,18.45,17.58,18.26,6.079,2293600.0,0.0,1.0
2020-07-23,18.19,18.55,17.75,18.0,5.9924,1291300.0,0.0,1.0
2020-07-24,17.85,18.5,17.28,18.43,6.1355,1705000.0,0.0,1.0
2020-07-27,18.46,19.18,18.43,18.95,6.3087,1876900.0,0.0,1.0
2020-07-28,19.0,19.12,18.57,19.1,6.3622,1641500.0,0.0035,1.0
2020-07-29,19.41,20.46,19.3,20.22,6.7352,2512700.0,0.0,1.0
2020-07-30,19.91,20.68,19.63,20.3,6.7619,1452400.0,0.0,1.0
2020-07-31,20.38,20.98,20.03,20.58,6.8552,1397900.0,0.0,1.0
2020-08-03,20.79,21.74,19.86,21.4,7.1283,2426000.0,0.0,1.0
2020-08-04,21.27,21.9,20.38,20.5,6.8285,2347600.0,0.0,1.0
2020-08-05,20.73,21.38,20.73,20.9,6.9618,1318200.0,0.0,1.0
2020-08-06,20.9,21.76,20.71,21.7,7.2282,1669800.0,0.0,1.0
2020-08-07,21.56,22.29,21.35,21.99,7.3248,1909900.0,0.0,1.0
2020-08-10,22.08,22.2,21.24,21.68,7.2216,1331600.0,0.0,1.0
2020-08-11,21.79,21.93,20.56,20.57,6.8519,1465000.0,0.0,1.0
2020-08-12,20.8,21.08,20.05,20.62,6.8684,1907600.0,0.0,1.0
2020-08-13,20.77,21.64,20.76,21.28,7.0883,1739100.0,0.0,1.0
2020-08-14,21.14,21.23,20.11,20.3,6.7619,1421800.0,0.0,1.0
2020-08-17,20.3,20.74,18.52,19.2,6.3955,2569200.0,0.0,1.0
2020-08-18,19.5,20.42,19.03,20.42,6.8019,1722300.0,0.0,1.0
2020-08-19,20.42,20.76,19.86,20.16,6.7153,1108200.0,0.0,1.0
2020-08-20,19.7,20.67,19.41,20.66,6.8818,1733100.0,0.0,1.0
2020-08-21,20.81,21.35,20.6,21.33,7.105,1989200.0,0.0,1.0
2020-08-24,21.46,21.89,21.3,21.34,7.1083,1354300.0,0.0,1.0
2020-08-25,21.5,21.8,21.15,21.21,7.065,868800.0,0.0,1.0
2020-08-26,21.4,21.57,20.11,20.71,6.8984,1843200.0,0.0,1.0
2020-08-27,20.74,22.94,20.71,22.94,7.6413,5209900.0,0.0,1.0
2020-08-28,22.53,22.97,21.85,22.4,7.4614,3396300.0,0.0,1.0
2020-08-31,22.35,22.88,21.61,22.41,7.4647,2292100.0,0.0,1.0
2020-09-01,22.75,22.8,21.81,22.59,7.5247,3128900.0,0.0,1.0
2020-09-02,22.6,24.4,22.58,24.22,8.0676,6344900.0,0.0,1.0
2020-09-03,24.14,24.48,22.14,22.27,7.4181,4048900.0,0.0,1.0
2020-09-04,22.5,22.61,20.8,21.37,7.1183,4020500.0,0.0,1.0
2020-09-08,21.05,21.22,19.84,20.35,6.7785,3534300.0,0.0,1.0
2020-09-09,20.46,20.78,19.98,20.02,6.6686,2401400.0,0.0,1.0
2020-09-10,19.94,20.29,19.47,19.85,6.612,2297800.0,0.0,1.0
2020-09-11,20.01,20.1,19.17,19.35,6.4454,1862700.0,0.0,1.0
2020-09-14,19.37,20.58,19.37,20.32,6.7685,1898800.0,0.0,1.0
2020-09-15,20.41,20.63,19.79,19.97,6.652,1526000.0,0.0,1.0
2020-09-16,20.04,20.44,19.65,20.06,6.682,1543900.0,0.0,1.0
2020-09-17,20.0,20.2,19.47,19.63,6.5387,1981900.0,0.0,1.0
2020-09-18,19.62,19.78,18.25,18.49,6.1589,5625900.0,0.0,1.0
2020-09-21,17.96,18.08,17.39,17.74,5.9091,2817900.0,0.0,1.0
2020-09-22,17.77,18.06,17.07,17.65,5.8791,2280500.0,0.0,1.0
2020-09-23,17.75,18.39,17.4,17.57,5.8526,2148900.0,0.0,1.0
2020-09-24,17.58,18.36,17.27,18.14,6.0424,1574700.0,0.0,1.0
2020-09-25,18.05,18.24,17.76,17.83,5.9391,765200.0,0.0,1.0
2020-09-28,18.08,18.81,17.87,18.23,6.0724,1948400.0,0.0,1.0
2020-09-29,18.11,18.23,17.57,18.11,6.0324,2163600.0,0.0,1.0
2020-09-30,18.11,18.7,18.06,18.67,6.2189,2489900.0,0.0,1.0
2020-10-01,18.67,19.68,18.52,19.68,6.5554,2856600.0,0.0,1.0
2020-10-02,19.38,20.0,19.24,19.55,6.5121,1550200.0,0.0,1.0
2020-10-05,19.67,20.1,19.2,19.47,6.4854,1387800.0,0.0,1.0
2020-10-06,19.56,20.44,19.55,20.37,6.7852,2015700.0,0.0,1.0
2020-10-07,20.44,20.7,20.16,20.59,6.8585,1555800.0,0.0,1.0
2020-10-08,20.58,20.89,20.24,20.37,6.7852,1306900.0,0.0,1.0
2020-10-09,20.45,20.85,20.26,20.66,6.8818,1056600.0,0.0,1.0
2020-10-13,20.7,21.34,20.51,21.03,7.0051,1471900.0,0.0,1.0
2020-10-14,21.09,21.23,20.42,20.75,6.9118,1785700.0,0.0,1.0
2020-10-15,20.59,21.15,20.29,20.75,6.9118,1634400.0,0.0,1.0
2020-10-16,20.73,20.98,20.02,20.16,6.7153,1165600.0,0.0,1.0
2020-10-19,20.29,20.61,19.83,20.0,6.662,1440200.0,0.0,1.0
2020-10-20,20.17,20.42,20.0,20.13,6.7053,1237200.0,0.0,1.0
2020-10-21,20.0,20.9,19.98,20.53,6.8385,1275300.0,0.0,1.0
2020-10-22,20.71,21.2,20.56,20.8,6.9284,1568500.0,0.0,1.0
2020-10-23,20.95,21.29,20.2,20.38,6.7885,1429800.0,0.0,1.0
2020-10-26,20.28,20.52,19.48,19.71,6.5654,1353000.0,0.0,1.0
2020-10-27,19.79,20.04,19.0,19.07,6.3522,1373200.0,0.0,1.0
2020-10-28,18.85,18.85,18.1,18.19,6.059,1705500.0,0.0,1.0
2020-10-29,18.16,18.24,17.37,17.65,5.8791,2988100.0,0.0,1.0
2020-10-30,17.71,17.86,16.41,16.5,5.4961,3100000.0,0.0,1.0
2020-11-03,17.09,17.28,16.42,16.65,5.5461,1676600.0,0.0,1.0
2020-11-04,17.04,18.27,16.72,18.21,6.0657,2413600.0,0.0,1.0
2020-11-05,18.47,19.76,18.12,19.68,6.5554,3237800.0,0.0,1.0
2020-11-06,19.4,20.23,19.03,20.23,6.7385,1896700.0,0.0,1.0
2020-11-09,20.65,20.9,19.63,20.07,6.6853,1791300.0,0.0,1.0
2020-11-10,20.01,20.25,18.99,19.05,6.3455,1899400.0,0.0,1.0
2020-11-11,18.99,19.45,18.52,18.93,6.3055,1257300.0,0.0,1.0
2020-11-12,18.95,19.61,18.79,19.61,6.5321,2037100.0,0.0,1.0
2020-11-13,19.4,21.94,19.4,21.91,7.2981,5814500.0,0.0,1.0
2020-11-16,21.98,22.26,21.3,21.72,7.2349,3410500.0,0.0,1.0
2020-11-17,21.64,22.47,21.15,21.42,7.135,2028300.0,0.0,1.0
2020-11-18,21.69,21.93,21.0,21.62,7.2016,2354900.0,0.0,1.0
2020-11-19,21.53,22.06,21.31,21.94,7.3081,1759300.0,0.0,1.0
2020-11-20,22.0,23.44,21.85,23.0,7.6613,3340900.0,0.0,1.0
2020-11-23,23.02,23.34,22.19,22.63,7.538,2702000.0,0.0,1.0
2020-11-24,22.55,23.04,22.25,22.67,7.5514,1763200.0,0.0,1.0
2020-11-25,22.63,23.38,22.52,23.18,7.7212,1325700.0,0.0,1.0
2020-11-26,23.18,23.53,22.68,23.49,7.8245,2185900.0,0.0,1.0
2020-11-27,23.59,23.77,23.25,23.6,7.8611,978300.0,0.0,1.0
2020-11-30,23.61,24.52,23.4,24.4,8.1276,1934200.0,0.0,1.0
2020-12-01,24.75,25.83,24.35,25.77,8.5839,2597700.0,0.0,1.0
2020-12-02,25.77,26.17,25.21,25.35,8.444,1958900.0,0.0,1.0
2020-12-03,25.45,27.31,25.29,26.7,8.8937,3098200.0,0.0,1.0
2020-12-04,26.75,26.92,26.27,26.81,8.9304,1257000.0,0.0,1.0
2020-12-07,26.86,27.0,25.53,25.86,8.6139,1128500.0,0.0,1.0
2020-12-08,25.82,26.59,25.61,26.0,8.6606,1191800.0,0.0,1.0
2020-12-09,26.15,27.3,25.98,26.76,8.9137,1980100.0,0.0,1.0
2020-12-10,26.65,27.2,26.06,26.9,8.9604,1488600.0,0.0,1.0
2020-12-11,26.74,28.92,26.61,28.55,9.51,2523100.0,0.0,1.0
2020-12-14,28.45,29.5,28.1,29.29,9.7564,1953700.0,0.0,1.0
2020-12-15,29.37,30.99,29.1,30.13,10.0362,1997400.0,0.0,1.0
2020-12-16,30.2,31.28,29.82,31.1,10.3594,1859100.0,0.0,1.0
2020-12-17,31.15,32.66,31.15,32.5,10.8257,2127700.0,0.0,1.0
2020-12-18,32.51,33.44,31.64,31.64,10.5393,3402400.0,0.0,1.0
2020-12-21,30.93,33.25,30.4,32.64,10.8723,3087900.0,0.0,1.0
2020-12-22,32.83,33.96,32.68,33.8,11.2587,2620100.0,0.0,1.0
2020-12-23,33.92,34.55,33.14,33.27,11.0822,3340600.0,0.0,1.0
2020-12-28,33.58,34.37,32.92,34.08,11.352,1464300.0,0.0,1.0
2020-12-29,34.08,34.95,33.55,34.0,11.3253,1677100.0,0.0,1.0
2020-12-30,34.3,34.45,32.56,32.9,10.959,2481800.0,0.0,1.0
2021-01-04,33.38,33.81,31.97,32.21,10.7291,1309800.0,0.0,1.0
2021-01-05,32.19,32.92,31.22,31.44,10.4726,1662500.0,0.0,1.0
2021-01-06,31.59,32.01,30.89,30.89,10.2894,1291900.0,0.0,1.0
2021-01-07,30.94,33.44,30.92,33.34,11.1055,3131500.0,0.0,1.0
2021-01-08,33.77,40.93,33.6,40.16,13.3772,8466100.0,0.0,1.0
2021-01-11,38.86,41.99,38.72,41.85,13.9402,4490900.0,0.0,1.0
2021-01-12,42.22,43.86,41.01,41.64,13.8702,3703400.0,0.0,1.0
2021-01-13,41.85,42.75,41.25,41.6,13.8569,2212400.0,0.0,1.0
2021-01-14,41.93,43.27,41.05,43.1,14.3566,1901800.0,0.0,1.0
2021-01-15,42.6,44.17,41.42,41.5,13.8235,1927900.0,0.0,1.0
2021-01-18,42.15,44.98,41.94,43.97,14.6464,2933600.0,0.0,1.0
2021-01-19,44.44,48.5,44.1,45.2,15.0561,6689900.0,0.0,1.0
2021-01-20,45.98,46.93,43.69,46.15,15.3724,3849700.0,0.0,1.0
2021-01-21,46.51,46.79,44.21,44.84,14.9361,2100100.0,0.0,1.0
2021-01-22,43.97,45.46,43.2,45.0,14.9894,1756200.0,0.0,1.0
2021-01-26,45.11,46.9,44.7,46.77,15.579,1988300.0,0.0,1.0
2021-01-27,46.49,47.49,41.26,41.47,13.8135,3503700.0,0.0,1.0
2021-01-28,41.5,43.9,40.24,43.83,14.5997,3772700.0,0.0,1.0
2021-01-29,43.49,45.15,43.0,43.56,14.5097,2841600.0,0.0,1.0
2021-02-01,44.34,44.59,42.11,42.42,14.13,2072500.0,0.0,1.0
2021-02-02,42.8,47.28,42.66,47.0,15.6556,3860500.0,0.0,1.0
2021-02-03,47.21,52.26,46.37,51.96,17.3078,4627800.0,0.0,1.0
2021-02-04,52.59,53.79,50.3,52.4,17.4544,3565700.0,0.0,1.0
2021-02-05,52.43,53.81,50.02,50.51,16.8248,2587600.0,0.0,1.0
2021-02-08,50.51,53.75,50.28,53.46,17.8074,2088300.0,0.0,1.0
2021-02-09,53.41,53.41,49.63,51.65,17.2045,3364900.0,0.0,1.0
2021-02-10,51.91,53.97,48.6,48.8,16.2552,4496500.0,0.0,1.0
2021-02-11,49.39,50.59,48.64,49.05,16.3385,2199100.0,0.0,1.0
2021-02-12,48.84,51.23,47.88,51.01,16.9913,2137400.0,0.0,1.0
2021-02-17,51.36,51.9,49.74,50.49,16.8181,1432700.0,0.0,1.0
2021-02-18,50.79,52.75,49.92,50.61,16.8581,2249000.0,0.0,1.0
2021-02-19,50.87,52.9,50.1,52.77,17.5776,2504400.0,0.0,1.0
2021-02-22,51.33,53.5,49.48,52.56,17.5076,2572300.0,0.0,1.0
2021-02-23,53.08,53.5,51.11,52.26,17.4077,1899200.0,0.0,1.0
2021-02-24,52.77,53.36,51.65,52.04,17.3345,1800100.0,0.0,1.0
2021-02-25,52.07,54.86,50.3,50.9,16.9547,3719000.0,0.0,1.0
2021-02-26,50.79,53.38,49.81,51.02,16.9947,4377700.0,0.0,1.0
2021-03-01,51.87,56.15,51.32,55.88,18.6135,3799100.0,0.0,1.0
2021-03-02,54.94,56.76,53.85,54.42,18.1272,3458500.0,0.0,1.0
2021-03-03,54.59,55.85,51.84,55.33,18.4303,2441300.0,0.0,1.0
2021-03-04,55.0,56.6,52.41,53.01,17.6575,2897700.0,0.0,1.0
2021-03-05,53.25,53.51,47.2,49.88,16.615,4318000.0,0.0,1.0
2021-03-08,49.12,49.21,44.75,46.0,15.3225,3321400.0,0.0,1.0
2021-03-09,46.47,47.95,45.24,46.5,15.4891,2745200.0,0.0,1.0
2021-03-10,46.74,47.29,45.38,46.35,15.4391,1809600.0,0.0,1.0
2021-03-11,46.7,47.68,45.1,47.47,15.8121,2509500.0,0.0,1.0
2021-03-12,47.17,47.77,45.6,47.15,15.7056,2169300.0,0.0,1.0
2021-03-15,46.71,52.12,46.58,51.16,17.0413,3515000.0,0.0,1.0
2021-03-16,51.16,51.74,49.14,50.8,16.9213,2535500.0,0.0,1.0
2021-03-17,50.45,52.45,50.03,51.12,17.028,2263900.0,0.0,1.0
2021-03-18,51.25,51.98,48.7,48.7,16.2218,1678000.0,0.0,1.0
2021-03-19,49.45,51.25,48.75,50.93,16.9647,2547400.0,0.0,1.0
2021-03-22,50.88,52.73,50.2,51.39,17.1225,1442400.0,0.0045,1.0
2021-03-23,50.8,55.84,50.66,55.58,18.5186,4825400.0,0.0,1.0
2021-03-24,55.81,56.39,53.01,53.79,17.9221,2495900.0,0.0,1.0
2021-03-25,53.78,54.05,51.2,51.47,17.1492,2178300.0,0.0,1.0
2021-03-26,51.65,53.2,49.9,50.98,16.9858,2442600.0,0.0,1.0
2021-03-29,50.96,52.43,50.3,50.87,16.9493,1717600.0,0.0,1.0
2021-03-30,51.4,52.14,50.56,51.1,17.0258,1526400.0,0.0,1.0
2021-03-31,51.3,52.3,50.61,52.1,17.3591,1924000.0,0.0,1.0
2021-04-01,52.18,54.6,51.9,53.99,17.9888,2784700.0,0.0,1.0
2021-04-05,54.41,54.82,53.04,53.24,17.7389,1386700.0,0.0,1.0
2021-04-06,53.37,56.0,53.05,55.73,18.5685,2028100.0,0.0,1.0
2021-04-07,55.75,58.79,55.47,58.51,19.4947,3218500.0,0.0,1.0
2021-04-08,58.76,59.06,57.15,57.7,19.2249,1675300.0,0.0,1.0
2021-04-09,57.7,59.48,57.41,58.25,19.4082,2299400.0,0.0,1.0
2021-04-12,58.66,64.52,58.66,63.06,21.0108,4596600.0,0.0,1.0
2021-04-13,63.05,64.58,61.61,61.8,20.591,2843200.0,0.0,1.0
2021-04-14,62.66,64.02,61.7,63.01,20.9941,2257300.0,0.0,1.0
2021-04-15,63.11,64.2,61.39,62.56,20.8441,1605400.0,0.0,1.0
2021-04-16,63.1,66.83,63.1,64.44,21.4706,3841400.0,0.0,1.0
2021-04-19,64.65,65.52,62.66,63.05,21.0075,2106000.0,0.0,1.0
2021-04-20,63.25,64.54,62.1,62.7,20.8908,1912900.0,0.0,1.0
2021-04-22,63.15,64.11,62.4,63.33,21.1007,1874400.0,0.0,1.0
2021-04-23,63.75,68.48,63.52,68.07,22.68,4350400.0,0.0,1.0
2021-04-26,68.32,69.13,67.25,68.4,22.79,1828200.0,0.0,1.0
2021-04-27,68.59,74.48,68.43,74.48,24.8158,4899500.0,0.0,1.0
2021-04-28,74.47,76.86,73.64,75.23,25.0657,3300700.0,0.0,1.0
2021-04-29,75.8,78.84,75.72,77.83,25.9319,3466200.0,0.0,1.0
2021-04-30,77.83,79.32,76.71,77.88,25.9486,4438400.0,0.0,1.0
2021-05-03,78.67,79.77,75.92,77.1,25.6887,2986000.0,0.0,1.0
2021-05-04,77.4,77.87,70.85,71.99,23.9862,3195700.0,0.0,1.0
2021-05-05,72.5,74.98,71.55,73.93,24.6325,2337100.0,0.0,1.0
2021-05-06,74.3,75.65,69.9,70.11,23.3597,2732900.0,0.0,1.0
2021-05-07,70.94,71.55,69.3,70.75,23.5729,2028900.0,0.0,1.0
2021-05-10,71.68,72.3,65.99,66.84,22.2702,2880400.0,0.0,1.0
2021-05-11,66.35,68.72,64.2,67.48,22.4834,2987300.0,0.0,1.0
2021-05-12,66.99,66.99,61.52,62.05,20.6742,3967600.0,0.0,1.0
2021-05-13,62.43,64.79,58.7,60.0,19.9912,4325400.0,0.0,1.0
2021-05-14,61.08,62.14,59.68,60.02,19.9979,1988600.0,0.0,1.0
2021-05-17,60.01,60.89,58.88,59.24,19.738,1347700.0,0.0,1.0
2021-05-18,59.45,60.74,58.02,60.0,19.9912,2212600.0,0.0,1.0
2021-05-19,58.9,59.76,57.33,58.9,19.6247,2067100.0,0.0,1.0
2021-05-20,59.54,63.9,59.52,61.6,20.5243,4256300.0,0.0,1.0
2021-05-21,61.84,61.84,58.65,59.1,19.6913,2428100.0,0.0,1.0
2021-05-24,62.9,73.45,62.21,73.31,24.426,9188800.0,0.0,1.0
2021-05-25,73.31,75.23,68.18,68.86,22.9432,4951200.0,0.0,1.0
2021-05-26,23.28,25.0,22.2,22.39,22.3802,12244700.0,0.0,3.0
2021-05-27,22.67,22.75,21.7,22.3,22.2902,4495300.0,0.0,1.0
2021-05-28,22.3,23.04,22.13,22.26,22.2502,3474400.0,0.0,1.0
2021-05-31,22.27,22.98,22.01,22.74,22.73,3459100.0,0.0,1.0
2021-06-01,22.81,22.93,21.8,22.05,22.0403,3726500.0,0.0,1.0
2021-06-02,22.0,22.52,21.45,22.11,22.1003,5043500.0,0.0,1.0
2021-06-04,22.11,22.73,21.93,22.15,22.1403,3233300.0,0.0,1.0
2021-06-07,22.05,22.65,21.6,21.63,21.6205,3618300.0,0.0,1.0
2021-06-08,21.75,21.95,20.9,21.04,21.0308,3135900.0,0.0,1.0
2021-06-09,21.1,21.75,20.4,21.59,21.5805,3646200.0,0.0,1.0
2021-06-10,21.65,21.98,21.09,21.92,21.9104,2053900.0,0.0,1.0
2021-06-11,22.0,22.15,21.32,21.5,21.4906,1543200.0,0.0,1.0
2021-06-14,21.38,21.8,21.25,21.33,21.3206,2205800.0,0.0,1.0
2021-06-15,21.3,21.46,20.75,21.09,21.0807,2458400.0,0.0,1.0
2021-06-16,21.05,22.62,20.71,22.23,22.2202,9037500.0,0.0,1.0
2021-06-17,22.08,23.65,21.93,23.1,23.0899,9598000.0,0.0,1.0
2021-06-18,23.1,23.45,22.43,23.11,23.0998,4710600.0,0.0,1.0
2021-06-21,23.04,23.4,22.67,23.26,23.2498,2901000.0,0.0,1.0
2021-06-22,23.0,24.23,23.0,23.89,23.8795,6035400.0,0.0,1.0
2021-06-23,23.68,24.53,23.63,24.22,24.2094,4053900.0,0.0,1.0
2021-06-24,24.43,24.74,23.25,23.46,23.4497,6592600.0,0.0,1.0
2021-06-25,23.68,24.19,23.31,23.45,23.4397,3274300.0,0.0,1.0
2021-06-28,23.48,24.25,23.41,23.83,23.8195,3133900.0,0.0,1.0
2021-06-29,23.9,24.96,23.83,24.63,24.6192,5302900.0,0.0,1.0
2021-06-30,24.89,26.3,24.89,26.16,26.1485,5618000.0,0.0,1.0
2021-07-01,26.58,26.7,25.52,25.81,25.7987,4312900.0,0.0,1.0
2021-07-02,25.9,26.43,25.69,26.21,26.1985,2572500.0,0.0,1.0
2021-07-05,26.48,26.96,25.55,25.75,25.7387,3467300.0,0.0,1.0
2021-07-06,25.91,26.35,25.12,25.52,25.5088,3659500.0,0.0,1.0
2021-07-07,25.86,26.15,24.54,25.47,25.4588,5092300.0,0.0,1.0
2021-07-08,24.88,25.35,24.55,25.26,25.2489,3246200.0,0.0,1.0
2021-07-12,25.54,26.3,25.5,26.07,26.0585,3538800.0,0.0,1.0
2021-07-13,26.12,26.64,25.29,25.53,25.5188,4213200.0,0.0,1.0
2021-07-14,25.81,27.31,25.67,27.23,27.218,9509200.0,0.0,1.0
2021-07-15,27.28,27.66,26.68,27.3,27.288,6355100.0,0.0,1.0
2021-07-16,27.49,27.89,26.92,27.5,27.4879,4721200.0,0.0,1.0
2021-07-19,27.09,27.73,26.56,27.73,27.7178,4753000.0,0.0,1.0
2021-07-20,27.91,27.99,27.16,27.56,27.5479,3240800.0,0.0,1.0
2021-07-21,27.8,28.95,27.62,28.5,28.4875,5134300.0,0.0,1.0
2021-07-22,28.45,28.63,27.4,27.5,27.4879,4193800.0,0.0,1.0
2021-07-23,27.68,27.81,26.8,26.92,26.92,3611200.0,0.0121,1.0
2021-07-26,26.83,27.43,26.38,26.6,26.6,4164000.0,0.0,1.0
2021-07-27,26.44,26.5,24.97,25.56,25.56,5312900.0,0.0,1.0
2021-07-28,25.56,26.24,25.15,25.45,25.45,4276800.0,0.0,1.0
2021-07-29,25.46,25.6,24.72,25.07,25.07,2956400.0,0.0,1.0
2021-07-30,24.92,25.08,23.44,23.87,23.87,5787900.0,0.0,1.0
2021-08-02,24.4,25.23,23.73,23.77,23.77,5153800.0,0.0,1.0
2021-08-03,23.7,24.37,22.82,23.96,23.96,4240600.0,0.0,1.0
2021-08-04,23.96,24.14,23.1,23.17,23.17,3148400.0,0.0,1.0
2021-08-05,23.4,24.05,23.08,23.3,23.3,4647700.0,0.0,1.0
2021-08-06,23.3,23.98,23.02,23.76,23.76,3777500.0,0.0,1.0
2021-08-09,23.7,24.45,23.35,24.13,24.13,3470900.0,0.0,1.0
2021-08-10,24.32,24.84,23.9,24.6,24.6,4471600.0,0.0,1.0
2021-08-11,24.64,24.64,23.5,23.72,23.72,3917300.0,0.0,1.0
2021-08-12,23.75,23.95,21.71,22.1,22.1,10437400.0,0.0,1.0
2021-08-13,22.33,22.51,21.21,21.66,21.66,5231800.0,0.0,1.0
2021-08-16,21.33,21.78,20.93,21.25,21.25,4207300.0,0.0,1.0
2021-08-17,20.97,21.17,19.28,20.35,20.35,7027100.0,0.0,1.0
2021-08-18,20.3,21.07,19.81,20.59,20.59,5031500.0,0.0,1.0
2021-08-19,20.11,21.68,19.77,21.31,21.31,5136200.0,0.0,1.0
2021-08-20,21.05,22.21,20.8,21.96,21.96,3717900.0,0.0,1.0
2021-08-23,22.15,22.76,22.13,22.15,22.15,3043700.0,0.0,1.0
2021-08-24,22.27,23.16,22.02,22.15,22.15,3582100.0,0.0,1.0
2021-08-25,22.28,22.34,21.03,21.21,21.21,5925100.0,0.0,1.0
2021-08-26,21.4,22.95,21.34,21.95,21.95,10366100.0,0.0,1.0
2021-08-27,22.9,23.6,22.53,23.54,23.54,7083400.0,0.0,1.0
2021-08-30,23.8,23.95,22.75,22.87,22.87,5175900.0,0.0,1.0
2021-08-31,23.0,23.4,21.44,21.95,21.95,6771200.0,0.0,1.0
2021-09-01,22.2,22.24,20.9,21.59,21.59,4839300.0,0.0,1.0
2021-09-02,21.4,22.62,21.26,21.36,21.36,6412000.0,0.0,1.0
2021-09-03,21.58,21.95,20.22,20.22,20.22,13922500.0,0.0,1.0
2021-09-06,20.31,20.82,20.1,20.16,20.16,3792800.0,0.0,1.0
2021-09-08,20.12,20.25,19.03,19.11,19.11,5197700.0,0.0,1.0
2021-09-09,19.02,20.78,18.93,20.22,20.22,5919400.0,0.0,1.0
2021-09-10,20.96,20.97,19.88,19.96,19.96,4413600.0,0.0,1.0
2021-09-13,20.41,21.44,20.4,21.43,21.43,9045300.0,0.0,1.0
2021-09-14,21.44,22.63,21.34,22.04,22.04,6040100.0,0.0,1.0
2021-09-15,21.93,21.95,21.13,21.28,21.28,4661600.0,0.0,1.0
2021-09-16,21.06,21.8,20.62,20.96,20.96,7222100.0,0.0,1.0
2021-09-17,20.8,20.9,19.69,19.89,19.89,8834600.0,0.0,1.0
2021-09-20,19.04,19.31,18.4,18.85,18.85,6207900.0,0.0,1.0
2021-09-21,19.39,19.45,18.51,19.29,19.29,5084200.0,0.0,1.0
2021-09-22,19.49,20.26,19.49,19.63,19.63,4785000.0,0.0,1.0
2021-09-23,19.83,20.48,19.77,20.2,20.2,3029600.0,0.0,1.0
2021-09-24,19.82,21.38,19.55,20.33,20.33,5375800.0,0.0,1.0
2021-09-27,20.18,20.28,19.24,19.58,19.58,4201600.0,0.0,1.0
2021-09-28,19.25,19.4,16.83,17.29,17.29,10332100.0,0.0,1.0
2021-09-29,17.75,18.12,16.44,16.65,16.65,7296800.0,0.0,1.0
2021-09-30,16.75,17.2,15.47,15.68,15.68,9675200.0,0.0,1.0
2021-10-01,16.26,17.15,15.76,17.14,17.14,12055500.0,0.0,1.0
2021-10-04,17.23,17.26,14.83,14.92,14.92,9579000.0,0.0,1.0
2021-10-05,15.18,15.56,14.43,14.51,14.51,11797700.0,0.0,1.0
2021-10-06,14.09,14.45,13.5,14.05,14.05,9789600.0,0.0,1.0
2021-10-07,14.59,15.93,14.5,15.69,15.69,11692300.0,0.0,1.0
2021-10-08,15.71,17.09,15.3,16.8,16.8,10182200.0,0.0,1.0
