Date,Open,High,Low,Close,Adj Close,Volume,Dividends,Split
2017-02-16,18.0,18.0,17.5,17.5,2.0909,7700.0,0.0,1.0
2017-02-17,18.0,18.0,18.0,18.0,2.1507,5000.0,0.0,1.0
2017-02-24,18.2,18.2,18.2,18.2,2.1746,1300.0,0.0,1.0
2017-03-01,18.2,18.2,17.95,17.95,2.1447,4300.0,0.0,1.0
2017-03-03,19.0,19.0,18.5,18.75,2.2403,1800.0,0.0,1.0
2017-03-06,18.8,19.5,18.5,19.2,2.294,5700.0,0.0,1.0
2017-03-07,18.1,19.0,18.1,18.38,2.1961,3400.0,0.0,1.0
2017-03-08,18.22,19.0,17.86,18.5,2.2104,4100.0,0.0,1.0
2017-03-09,17.9,19.0,17.63,18.99,2.2689,1700.0,0.0,1.0
2017-03-10,18.1,18.98,18.0,18.69,2.2331,6500.0,0.0,1.0
2017-03-13,18.4,18.4,18.4,18.4,2.1984,600.0,0.0,1.0
2017-03-14,18.79,19.0,18.5,18.59,2.2211,900.0,0.0,1.0
2017-03-15,18.5,18.68,18.5,18.68,2.2319,1600.0,0.0,1.0
2017-03-16,18.5,18.99,18.5,18.6,2.2223,800.0,0.0,1.0
2017-03-17,18.5,18.9,18.5,18.6,2.2223,1100.0,0.0,1.0
2017-03-20,18.3,18.3,17.5,17.5,2.0909,2000.0,0.0,1.0
2017-03-21,17.5,17.5,17.01,17.01,2.0324,2500.0,0.0,1.0
2017-03-22,17.8,18.6,17.8,18.59,2.2211,155800.0,0.0,1.0
2017-03-23,18.18,18.57,17.9,17.9,2.1387,3000.0,0.0,1.0
2017-03-24,17.92,18.29,17.84,17.86,2.1339,11700.0,0.0,1.0
2017-03-27,17.9,17.9,17.8,17.8,2.1268,400.0,0.0,1.0
2017-03-28,17.95,18.7,17.95,18.7,2.2343,15300.0,0.0,1.0
2017-03-29,18.78,19.0,18.63,18.79,2.245,21300.0,0.0,1.0
2017-03-30,18.75,19.05,18.5,18.9,2.2582,87300.0,0.0,1.0
2017-03-31,18.78,19.07,18.78,19.0,2.2701,97600.0,0.0,1.0
2017-04-03,18.9,19.25,18.7,19.25,2.3,26300.0,0.0,1.0
2017-04-04,18.9,19.89,18.9,19.89,2.3765,6000.0,0.0,1.0
2017-04-05,19.23,19.84,19.23,19.58,2.3394,4500.0,0.0,1.0
2017-04-06,19.06,19.16,18.5,18.5,2.2104,18500.0,0.0,1.0
2017-04-07,18.88,19.05,18.85,19.05,2.2761,2300.0,0.0,1.0
2017-04-10,18.71,19.25,18.69,18.99,2.2689,4900.0,0.0,1.0
2017-04-11,19.0,19.0,18.52,18.72,2.2367,2900.0,0.0,1.0
2017-04-12,18.5,19.09,18.5,19.09,2.2809,6900.0,0.0,1.0
2017-04-13,18.61,18.61,18.1,18.41,2.1996,9886100.0,0.0,1.0
2017-04-17,17.41,18.6,17.41,18.4,2.1984,1002000.0,0.0,1.0
2017-04-18,18.4,18.4,17.9,18.0,2.1507,751100.0,0.0,1.0
2017-04-19,17.61,18.4,17.0,17.49,2.0897,1728500.0,0.0,1.0
2017-04-20,17.08,17.95,17.08,17.5,2.0909,639600.0,0.0,1.0
2017-04-24,18.01,18.01,17.8,17.8,2.1268,2000400.0,0.0,1.0
2017-04-26,18.0,18.0,18.0,18.0,2.1507,100.0,0.0,1.0
2017-05-02,18.0,18.3,17.7,18.3,2.1865,12900.0,0.0,1.0
2017-05-03,18.6,19.0,18.25,19.0,2.2701,1510100.0,0.0,1.0
2017-05-04,18.69,18.69,18.2,18.54,2.2152,1511900.0,0.0,1.0
2017-05-05,18.5,18.6,18.3,18.6,2.2223,2800.0,0.0,1.0
2017-05-08,18.0,18.6,18.0,18.6,2.2223,400.0,0.0,1.0
2017-05-09,18.6,18.75,18.32,18.75,2.2403,5300.0,0.0,1.0
2017-05-10,18.75,19.35,18.75,18.75,2.2403,1550800.0,0.0,1.0
2017-05-11,18.75,18.99,18.75,18.99,2.2689,2800.0,0.0,1.0
2017-05-12,19.0,19.0,18.17,19.0,2.2701,400.0,0.0,1.0
2017-05-16,18.8,18.8,18.8,18.8,2.2462,100.0,0.0,1.0
2017-05-17,18.6,18.8,18.4,18.8,2.2462,11300.0,0.0,1.0
2017-05-18,18.08,18.08,16.31,16.76,2.0025,131800.0,0.0,1.0
2017-05-19,17.56,17.56,17.2,17.35,2.073,3600.0,0.0,1.0
2017-05-22,16.3,16.8,16.3,16.8,2.0073,7500.0,0.0,1.0
2017-05-23,16.8,17.1,16.33,16.33,1.9511,4300.0,0.0,1.0
2017-05-24,16.8,17.25,15.75,15.75,1.8818,1742100.0,0.0,1.0
2017-05-25,16.2,16.2,15.76,15.76,1.883,2000.0,0.0,1.0
2017-05-26,15.71,15.71,15.71,15.71,1.877,200.0,0.0,1.0
2017-05-29,16.0,16.0,15.5,15.5,1.852,200.0,0.0,1.0
2017-05-30,15.5,15.5,15.0,15.25,1.8221,28600.0,0.0,1.0
2017-05-31,15.19,15.22,14.15,14.15,1.6907,10800.0,0.0,1.0
2017-06-01,14.16,14.16,14.0,14.0,1.6727,2010000.0,0.0,1.0
2017-06-02,14.0,14.0,14.0,14.0,1.6727,1000000.0,0.0,1.0
2017-06-05,14.6,14.6,14.0,14.0,1.6727,700.0,0.0,1.0
2017-06-06,14.22,14.22,14.22,14.22,1.699,100.0,0.0,1.0
2017-06-08,13.98,13.98,13.75,13.75,1.6429,200.0,0.0,1.0
2017-06-13,13.45,13.45,13.45,13.45,1.607,200.0,0.0,1.0
2017-06-14,13.97,14.07,13.51,13.51,1.6142,14900.0,0.0,1.0
2017-06-20,13.66,13.94,13.5,13.9,1.6608,10100.0,0.0,1.0
2017-06-21,13.5,13.5,13.5,13.5,1.613,600.0,0.0,1.0
2017-06-22,12.6,12.6,12.6,12.6,1.5055,200.0,0.0,1.0
2017-06-23,13.41,13.5,13.41,13.45,1.607,1500.0,0.0,1.0
2017-06-26,13.4,13.95,13.4,13.95,1.6668,2400.0,0.0,1.0
2017-06-27,13.95,13.99,13.66,13.66,1.6321,7000.0,0.0,1.0
2017-06-28,13.99,13.99,13.99,13.99,1.6715,2400.0,0.0,1.0
2017-06-29,13.8,14.0,13.8,14.0,1.6727,1600.0,0.0,1.0
2017-06-30,14.47,14.47,14.1,14.45,1.7265,3400.0,0.0,1.0
2017-07-04,15.0,15.0,15.0,15.0,1.7922,100.0,0.0,1.0
2017-07-05,15.5,15.65,15.5,15.65,1.8699,78000.0,0.0,1.0
2017-07-06,15.1,15.1,14.61,14.61,2.1174,3100.0,0.687,1.0
2017-07-07,14.7,14.7,14.7,14.7,2.1305,100.0,0.0,1.0
2017-07-12,15.28,15.28,15.28,15.28,2.2145,100.0,0.0,1.0
2017-07-17,15.83,15.83,15.3,15.3,2.2174,200.0,0.0,1.0
2017-07-18,16.5,16.5,15.84,15.9,2.3044,49500.0,0.0,1.0
2017-07-19,15.85,16.1,15.6,15.6,2.2609,134700.0,0.0,1.0
2017-07-20,15.7,15.71,15.55,15.55,2.2536,66200.0,0.0,1.0
2017-07-21,15.53,15.53,15.25,15.5,2.2464,229900.0,0.0,1.0
2017-07-24,15.5,15.5,15.5,15.5,2.2464,100.0,0.0,1.0
2017-07-25,15.31,15.48,15.2,15.2,2.2029,30400.0,0.0,1.0
2017-07-27,15.2,15.2,15.2,15.2,2.2029,27600.0,0.0,1.0
2017-07-28,15.2,15.2,15.2,15.2,2.2029,100000.0,0.0,1.0
2017-08-02,15.0,15.15,14.65,15.01,2.1754,123600.0,0.0,1.0
2017-08-03,15.25,15.25,15.0,15.12,2.1913,1008400.0,0.0,1.0
2017-08-04,15.21,15.21,15.21,15.21,2.2044,1664200.0,0.0,1.0
2017-08-07,15.38,15.4,15.36,15.36,2.2261,263900.0,0.0,1.0
2017-08-08,15.46,15.47,15.39,15.47,2.242,500200.0,0.0,1.0
2017-08-09,15.14,15.18,15.02,15.05,2.1812,4600.0,0.0,1.0
2017-08-10,14.93,14.93,14.72,14.76,2.1391,5000.0,0.0,1.0
2017-08-11,14.61,14.7,14.07,14.7,2.1305,9700.0,0.0,1.0
2017-08-14,14.28,14.53,14.07,14.49,2.1,30500.0,0.0,1.0
2017-08-15,14.49,14.56,14.43,14.43,2.0913,30100.0,0.0,1.0
2017-08-16,14.64,14.78,14.6,14.6,2.116,8300.0,0.0,1.0
2017-08-17,14.6,14.65,14.4,14.65,2.1232,1700.0,0.0,1.0
2017-08-18,14.45,14.7,14.45,14.5,2.1015,11400.0,0.0,1.0
2017-08-21,15.02,15.99,15.0,15.12,2.1913,192500.0,0.0,1.0
2017-08-22,14.55,16.0,14.55,15.3,2.2174,2364400.0,0.0,1.0
2017-08-23,15.48,15.81,15.31,15.61,2.2623,624700.0,0.0,1.0
2017-08-24,15.11,16.05,15.11,15.76,2.2841,929100.0,0.0,1.0
2017-08-25,15.95,16.15,15.8,15.9,2.3044,527300.0,0.0,1.0
2017-08-28,15.76,16.67,15.76,16.06,2.3276,193300.0,0.0,1.0
2017-08-29,16.04,16.7,16.0,16.5,2.3913,539100.0,0.0,1.0
2017-08-30,16.11,16.77,16.11,16.42,2.3797,3249200.0,0.0,1.0
2017-08-31,16.27,16.54,15.98,16.34,2.3681,2714500.0,0.0,1.0
2017-09-01,17.01,17.97,16.3,17.7,2.5652,632600.0,0.0,1.0
2017-09-04,17.5,18.98,17.2,18.9,2.7392,481000.0,0.0,1.0
2017-09-05,19.2,19.2,18.57,18.9,2.7392,1006700.0,0.0,1.0
2017-09-06,18.9,19.29,18.72,18.84,2.7305,1688200.0,0.0,1.0
2017-09-08,19.3,19.3,18.49,19.1,2.7681,961200.0,0.0,1.0
2017-09-11,19.09,19.2,18.78,19.2,2.7826,891300.0,0.0,1.0
2017-09-12,19.19,19.19,18.77,18.77,2.7203,364300.0,0.0,1.0
2017-09-13,18.62,19.2,18.41,18.99,2.7522,1823900.0,0.0,1.0
2017-09-14,19.06,19.4,18.88,19.21,2.7841,1638700.0,0.0,1.0
2017-09-15,19.1,19.27,18.68,19.0,2.7536,1697600.0,0.0,1.0
2017-09-18,19.35,19.35,18.71,18.9,2.7392,1031700.0,0.0,1.0
2017-09-19,18.88,18.93,18.7,18.88,2.7363,252300.0,0.0,1.0
2017-09-20,18.95,19.25,18.84,19.0,2.7536,562900.0,0.0,1.0
2017-09-21,19.14,19.14,19.14,19.14,2.7739,434900.0,0.0,1.0
2017-09-22,19.15,19.2,18.75,19.0,2.7536,66200.0,0.0,1.0
2017-09-25,19.19,19.19,18.73,19.0,2.7536,130100.0,0.0,1.0
2017-09-26,19.0,19.18,18.89,19.0,2.7536,1058400.0,0.0,1.0
2017-09-27,19.11,19.17,18.61,19.09,2.7667,130200.0,0.0,1.0
2017-09-28,19.1,19.21,18.76,18.9,2.7392,191700.0,0.0,1.0
2017-09-29,18.9,19.2,18.52,18.85,2.7319,1508400.0,0.0,1.0
2017-10-02,19.02,19.19,18.4,18.6,2.6957,1720100.0,0.0,1.0
2017-10-03,18.63,19.09,18.6,18.7,2.7102,198700.0,0.0,1.0
2017-10-04,18.69,18.84,18.09,18.6,2.6957,79900.0,0.0,1.0
2017-10-05,18.49,19.17,18.4,19.1,2.7681,1770800.0,0.0,1.0
2017-10-06,19.15,19.36,18.7,19.26,2.7913,291200.0,0.0,1.0
2017-10-09,19.24,19.24,18.56,19.09,2.7667,341400.0,0.0,1.0
2017-10-10,19.15,19.3,19.0,19.09,2.7667,657000.0,0.0,1.0
2017-10-11,19.2,19.3,18.95,19.3,2.7971,1151900.0,0.0,1.0
2017-10-13,19.38,19.6,19.1,19.38,2.8087,40900.0,0.0,1.0
2017-10-16,19.5,20.37,19.38,20.25,2.9348,772600.0,0.0,1.0
2017-10-18,20.44,21.29,20.4,21.1,3.058,5816800.0,0.0,1.0
2017-10-19,21.1,21.88,20.98,21.48,3.1131,334100.0,0.0,1.0
2017-10-20,21.72,21.9,21.55,21.83,3.1638,265600.0,0.0,1.0
2017-10-23,21.65,22.67,21.12,22.3,3.2319,3435900.0,0.0,1.0
2017-10-24,22.3,22.66,21.81,22.3,3.2319,371300.0,0.0,1.0
2017-10-25,22.2,23.01,21.96,22.4,3.2464,875000.0,0.0,1.0
2017-10-26,22.29,22.39,21.92,22.2,3.2174,1484700.0,0.0,1.0
2017-10-27,22.1,22.45,21.97,22.21,3.2189,213300.0,0.0,1.0
2017-10-30,22.21,22.21,21.66,21.77,3.1551,162400.0,0.0,1.0
2017-10-31,21.7,22.26,21.33,22.01,3.1899,106400.0,0.0,1.0
2017-11-01,21.98,21.98,21.0,21.0,3.0435,425900.0,0.0,1.0
2017-11-03,20.87,20.87,20.03,20.49,2.9696,410800.0,0.0,1.0
2017-11-06,20.39,20.8,20.11,20.4,2.9565,236200.0,0.0,1.0
2017-11-07,20.21,20.59,19.85,20.36,2.9507,529700.0,0.0,1.0
2017-11-08,20.25,20.3,19.89,20.0,2.8986,757600.0,0.0,1.0
2017-11-09,20.0,20.49,19.7,19.7,2.8551,1067000.0,0.0,1.0
2017-11-10,20.01,20.67,19.02,19.93,2.8884,607500.0,0.0,1.0
2017-11-13,19.94,20.04,19.62,20.0,2.8986,154800.0,0.0,1.0
2017-11-14,20.0,20.2,18.75,19.54,2.8319,261200.0,0.0,1.0
2017-11-16,19.51,20.17,19.35,19.6,2.8406,799500.0,0.0,1.0
2017-11-17,19.55,20.26,19.55,20.2,2.9276,129200.0,0.0,1.0
2017-11-21,20.39,20.98,19.72,19.93,2.8884,434600.0,0.0,1.0
2017-11-22,19.98,20.39,19.6,19.6,2.8406,324900.0,0.0,1.0
2017-11-23,19.68,19.9,19.22,19.57,2.8363,155400.0,0.0,1.0
2017-11-24,19.6,19.95,19.25,19.5,2.8261,260100.0,0.0,1.0
2017-11-27,19.53,19.53,18.9,19.45,2.8189,511100.0,0.0,1.0
2017-11-28,19.18,19.72,19.1,19.2,2.7826,263100.0,0.0,1.0
2017-11-29,19.34,19.49,18.66,19.15,2.7754,160400.0,0.0,1.0
2017-11-30,19.0,19.38,18.56,19.0,2.7536,508900.0,0.0,1.0
2017-12-01,19.0,19.33,18.56,19.0,2.7536,219900.0,0.0,1.0
2017-12-04,19.0,19.49,18.83,19.42,2.8145,177400.0,0.0,1.0
2017-12-05,19.5,19.97,19.03,19.5,2.8261,199600.0,0.0,1.0
2017-12-06,19.36,19.79,19.03,19.65,2.8478,254600.0,0.0,1.0
2017-12-07,19.41,20.2,19.12,19.79,2.8681,152900.0,0.0,1.0
2017-12-08,19.9,20.2,19.5,19.98,2.8957,82100.0,0.0,1.0
2017-12-11,20.0,20.1,19.3,19.55,2.8334,300900.0,0.0,1.0
2017-12-12,19.55,19.62,18.86,19.31,2.7986,941500.0,0.0,1.0
2017-12-13,19.36,19.47,19.12,19.19,2.7812,228600.0,0.0,1.0
2017-12-14,19.11,19.39,18.72,18.98,2.7507,495800.0,0.0,1.0
2017-12-15,19.17,19.39,18.77,18.88,2.7363,772700.0,0.0,1.0
2017-12-18,18.99,19.9,18.77,19.5,2.8261,303400.0,0.0,1.0
2017-12-19,19.65,19.78,19.23,19.4,2.8116,256300.0,0.0,1.0
2017-12-20,19.31,19.59,19.01,19.1,2.7681,260700.0,0.0,1.0
2017-12-21,19.2,19.49,18.91,19.28,2.7942,245300.0,0.0,1.0
2017-12-22,19.29,19.49,18.9,19.0,2.7536,287900.0,0.0,1.0
2017-12-26,19.04,19.13,18.9,18.95,2.7464,2861200.0,0.0,1.0
2017-12-27,19.2,19.2,18.9,19.0,2.7536,512000.0,0.0,1.0
2017-12-28,18.92,19.0,18.9,18.99,2.7522,602500.0,0.0,1.0
2018-01-02,19.1,19.44,18.65,18.9,2.7392,1362600.0,0.0,1.0
2018-01-03,19.2,19.3,18.68,19.08,2.7652,820900.0,0.0,1.0
2018-01-04,19.2,19.4,19.13,19.15,2.7754,4308400.0,0.0,1.0
2018-01-05,18.7,18.8,18.5,18.77,3.1747,171000.0,0.6853,1.0
2018-01-08,18.8,19.07,18.77,19.0,3.2137,283800.0,0.0,1.0
2018-01-09,19.06,19.09,18.83,18.87,3.1917,135000.0,0.0,1.0
2018-01-10,18.9,18.94,18.72,18.74,3.1697,59600.0,0.0,1.0
2018-01-11,18.89,18.9,18.57,18.7,3.1629,82900.0,0.0,1.0
2018-01-12,18.72,18.89,18.5,18.75,3.1714,170100.0,0.0,1.0
2018-01-15,18.77,19.0,18.72,19.0,3.2137,68800.0,0.0,1.0
2018-01-16,18.99,18.99,18.61,18.85,3.1883,249500.0,0.0,1.0
2018-01-17,18.89,19.5,18.67,19.5,3.2982,1956400.0,0.0,1.0
2018-01-18,19.4,20.05,19.21,19.7,3.332,329100.0,0.0,1.0
2018-01-19,19.62,20.48,19.5,20.19,3.4149,500900.0,0.0,1.0
2018-01-22,20.15,20.99,19.97,20.69,3.4995,791900.0,0.0,1.0
2018-01-23,20.69,21.29,20.25,21.0,3.5519,283300.0,0.0,1.0
2018-01-24,21.1,21.8,20.83,21.4,3.6196,1754500.0,0.0,1.0
2018-01-26,21.45,22.0,21.2,22.0,3.7211,705100.0,0.0,1.0
2018-01-29,21.98,21.98,21.61,21.75,3.6788,73700.0,0.0,1.0
2018-01-30,21.84,21.84,21.1,21.1,3.5688,4336900.0,0.0,1.0
2018-01-31,20.71,21.77,20.71,21.15,3.5773,297300.0,0.0,1.0
2018-02-01,21.29,21.8,20.88,21.15,3.5773,553800.0,0.0,1.0
2018-02-02,21.17,21.43,20.74,21.0,3.5519,362400.0,0.0,1.0
2018-02-05,21.15,21.47,20.63,20.96,3.5452,140800.0,0.0,1.0
2018-02-06,20.85,21.04,20.06,20.7,3.5012,609000.0,0.0,1.0
2018-02-07,20.6,22.3,20.6,21.65,3.6619,1629500.0,0.0,1.0
2018-02-08,21.79,22.79,21.35,21.65,3.6619,731900.0,0.0,1.0
2018-02-09,21.59,21.82,21.01,21.31,3.6044,649100.0,0.0,1.0
2018-02-14,21.33,22.44,21.32,22.35,3.7803,599900.0,0.0,1.0
2018-02-15,22.66,22.85,21.9,22.65,3.831,1106400.0,0.0,1.0
2018-02-16,22.6,22.88,22.35,22.6,3.8226,357000.0,0.0,1.0
2018-02-19,22.28,22.72,22.28,22.65,3.831,102700.0,0.0,1.0
2018-02-20,22.22,22.8,22.22,22.55,3.8141,225800.0,0.0,1.0
2018-02-21,22.55,23.0,22.5,22.8,3.8564,806600.0,0.0,1.0
2018-02-22,22.81,23.13,22.69,22.9,3.8733,661100.0,0.0,1.0
2018-02-23,23.04,23.1,22.57,23.1,3.9071,2865100.0,0.0,1.0
2018-02-26,23.12,23.2,22.68,23.13,3.9122,357200.0,0.0,1.0
2018-02-27,23.2,23.72,22.93,23.25,3.9325,315400.0,0.0,1.0
2018-02-28,23.0,23.25,22.74,23.04,3.897,485600.0,0.0,1.0
2018-03-01,23.14,23.23,22.41,23.0,3.8902,1109700.0,0.0,1.0
2018-03-02,22.8,22.95,21.32,22.6,3.8226,1365200.0,0.0,1.0
2018-03-05,22.41,22.66,21.97,22.45,3.7972,482000.0,0.0,1.0
2018-03-06,22.49,22.69,22.0,22.33,3.7769,566100.0,0.0,1.0
2018-03-07,22.42,23.28,22.0,22.6,3.8226,539200.0,0.0,1.0
2018-03-08,22.96,22.99,22.7,22.89,3.8716,676000.0,0.0,1.0
2018-03-09,22.99,22.99,22.6,22.96,3.8834,448200.0,0.0,1.0
2018-03-12,22.81,22.95,22.49,22.95,3.8818,888400.0,0.0,1.0
2018-03-13,22.81,22.91,22.44,22.6,3.8226,265100.0,0.0,1.0
2018-03-14,22.53,22.53,21.88,22.0,3.7211,529200.0,0.0,1.0
2018-03-15,21.8,21.96,21.45,21.8,3.6872,156600.0,0.0,1.0
2018-03-16,22.01,22.2,21.52,22.2,3.7549,1785000.0,0.0,1.0
2018-03-19,22.23,22.68,21.85,22.5,3.8056,177500.0,0.0,1.0
2018-03-20,22.46,22.47,22.02,22.4,3.7887,85800.0,0.0,1.0
2018-03-21,22.24,22.47,20.56,22.35,3.7803,298400.0,0.0,1.0
2018-03-22,22.14,22.55,21.8,22.2,3.7549,420700.0,0.0,1.0
2018-03-23,22.2,22.48,21.86,22.29,3.7701,1136200.0,0.0,1.0
2018-03-26,22.45,22.74,22.32,22.68,3.8361,66100.0,0.0,1.0
2018-03-27,22.7,22.71,22.17,22.6,3.8226,202700.0,0.0,1.0
2018-03-28,22.59,22.92,22.32,22.78,3.853,110700.0,0.0,1.0
2018-03-29,22.76,23.0,22.34,23.0,3.8902,1342100.0,0.0,1.0
2018-04-02,22.81,22.81,22.81,22.81,3.8581,44300.0,0.0,1.0
2018-04-03,22.76,23.0,22.72,23.0,3.8902,83800.0,0.0,1.0
2018-04-04,22.89,23.0,22.73,23.0,3.8902,342800.0,0.0,1.0
2018-04-05,23.1,23.1,22.86,23.0,3.8902,681900.0,0.0,1.0
2018-04-06,22.77,23.0,22.77,22.87,3.8682,112600.0,0.0,1.0
2018-04-09,22.89,23.0,22.17,22.8,3.8564,222700.0,0.0,1.0
2018-04-10,22.73,23.0,22.44,23.0,3.8902,235200.0,0.0,1.0
2018-04-11,22.77,23.0,22.77,22.95,3.8818,287600.0,0.0,1.0
2018-04-12,22.92,22.92,22.5,22.74,3.8462,298200.0,0.0,1.0
2018-04-13,22.65,22.65,22.3,22.5,3.8056,199800.0,0.0,1.0
2018-04-16,22.36,22.45,22.11,22.45,3.7972,278900.0,0.0,1.0
2018-04-17,22.41,22.78,22.29,22.55,3.8141,114500.0,0.0,1.0
2018-04-18,22.75,22.9,22.16,22.45,3.7972,625000.0,0.0,1.0
2018-04-19,22.62,22.75,22.2,22.62,3.8259,239700.0,0.0,1.0
2018-04-20,22.79,22.94,22.2,22.3,3.7718,199800.0,0.0,1.0
2018-04-23,22.21,22.9,22.11,22.11,3.7397,78600.0,0.0,1.0
2018-04-24,22.33,22.5,21.9,22.0,3.7211,173100.0,0.0,1.0
2018-04-25,21.87,22.72,21.86,22.55,3.8141,543000.0,0.0,1.0
2018-04-26,22.69,22.9,22.5,22.55,3.8141,373700.0,0.0,1.0
2018-04-27,22.31,22.95,22.21,22.58,3.8192,226400.0,0.0,1.0
2018-04-30,22.36,22.9,22.3,22.38,3.7853,610700.0,0.0,1.0
2018-05-02,22.38,22.47,21.8,21.8,3.6872,544800.0,0.0,1.0
2018-05-03,21.8,22.11,21.06,21.31,3.6044,941200.0,0.0,1.0
2018-05-04,21.36,21.79,20.9,21.2,3.5858,786100.0,0.0,1.0
2018-05-07,21.15,21.29,21.0,21.2,3.5858,110000.0,0.0,1.0
2018-05-08,21.15,21.43,21.1,21.1,3.5688,686600.0,0.0,1.0
2018-05-09,21.09,21.5,21.0,21.24,3.5925,312000.0,0.0,1.0
2018-05-10,21.35,21.5,21.2,21.35,3.6111,342200.0,0.0,1.0
2018-05-11,21.34,21.5,21.0,21.24,3.5925,988200.0,0.0,1.0
2018-05-14,21.1,21.39,20.12,21.39,3.6179,1335500.0,0.0,1.0
2018-05-15,21.06,21.18,20.9,21.02,3.5553,241400.0,0.0,1.0
2018-05-16,21.08,21.28,21.0,21.18,3.5824,66100.0,0.0,1.0
2018-05-17,21.1,21.16,20.7,20.84,3.5249,462100.0,0.0,1.0
2018-05-18,20.75,20.9,20.0,20.45,3.4589,326800.0,0.0,1.0
2018-05-21,20.65,20.87,20.41,20.5,3.4674,425400.0,0.0,1.0
2018-05-22,20.65,21.46,20.52,20.75,3.5096,235300.0,0.0,1.0
2018-05-23,20.75,20.81,20.4,20.4,3.4504,157700.0,0.0,1.0
2018-05-24,20.23,20.5,20.07,20.3,3.4335,172800.0,0.0,1.0
2018-05-25,20.21,20.44,19.78,20.1,3.3997,87300.0,0.0,1.0
2018-05-28,20.14,20.14,18.87,19.2,3.2475,289500.0,0.0,1.0
2018-05-29,19.3,19.97,18.98,19.4,3.2813,2556600.0,0.0,1.0
2018-05-30,19.37,19.98,19.36,19.45,3.2898,793300.0,0.0,1.0
2018-06-01,19.71,19.77,19.34,19.7,3.332,1098200.0,0.0,1.0
2018-06-04,19.84,19.95,19.63,19.75,3.3405,64500.0,0.0,1.0
2018-06-05,19.6,19.81,19.1,19.58,3.3118,1651000.0,0.0,1.0
2018-06-06,19.42,19.51,19.1,19.1,3.2306,194700.0,0.0,1.0
2018-06-07,19.0,19.04,18.1,18.4,3.1122,720600.0,0.0,1.0
2018-06-08,18.71,18.81,18.3,18.38,3.1088,255000.0,0.0,1.0
2018-06-11,18.33,18.61,16.62,18.34,3.102,2507200.0,0.0,1.0
2018-06-12,18.54,18.58,17.9,18.15,3.0699,2368100.0,0.0,1.0
2018-06-13,18.06,18.3,17.87,18.04,3.0513,233700.0,0.0,1.0
2018-06-14,18.0,18.04,17.72,17.99,3.0428,241400.0,0.0,1.0
2018-06-15,17.78,17.93,17.68,17.7,2.9938,530500.0,0.0,1.0
2018-06-18,17.58,17.75,17.39,17.5,2.9599,146500.0,0.0,1.0
2018-06-19,17.22,18.0,17.22,17.85,3.0191,229700.0,0.0,1.0
2018-06-20,18.04,18.11,17.52,17.97,3.0394,3016100.0,0.0,1.0
2018-06-21,17.91,17.99,17.6,17.75,3.0022,319300.0,0.0,1.0
2018-06-22,18.15,18.16,17.69,18.1,3.0614,164500.0,0.0,1.0
2018-06-25,18.09,18.46,17.87,18.25,3.0868,120500.0,0.0,1.0
2018-06-26,18.23,18.44,17.81,18.0,3.0445,444000.0,0.0,1.0
2018-06-27,18.0,18.5,17.9,18.5,3.1291,331600.0,0.0,1.0
2018-06-28,18.28,18.83,18.27,18.5,3.1291,122500.0,0.0,1.0
2018-06-29,18.6,18.87,17.77,18.5,3.1291,469800.0,0.0,1.0
2018-07-02,18.25,18.49,17.73,18.25,3.0868,223700.0,0.0,1.0
2018-07-03,18.25,18.78,18.25,18.6,3.146,280800.0,0.0,1.0
2018-07-04,18.61,18.85,18.52,18.6,3.146,29000.0,0.0,1.0
2018-07-05,18.52,18.61,18.05,18.3,3.0953,469500.0,0.0,1.0
2018-07-06,18.22,18.85,18.15,18.8,3.1798,1765300.0,0.0,1.0
2018-07-10,18.89,19.03,18.69,18.69,3.1612,151600.0,0.0,1.0
2018-07-11,18.5,19.56,18.5,19.29,3.2627,504300.0,0.0,1.0
2018-07-12,19.6,19.99,19.3,19.82,3.3523,103800.0,0.0,1.0
2018-07-13,19.87,19.87,19.76,19.87,3.3608,141500.0,0.0,1.0
2018-07-16,19.9,20.09,19.75,19.9,3.3659,829500.0,0.0,1.0
2018-07-17,19.8,20.3,19.6,20.1,3.3997,694600.0,0.0,1.0
2018-07-18,20.2,20.2,19.71,19.9,3.3659,86200.0,0.0,1.0
2018-07-19,19.7,19.7,19.25,19.6,3.3151,967000.0,0.0,1.0
2018-07-20,19.79,20.8,19.7,20.71,3.5029,138800.0,0.0,1.0
2018-07-23,20.95,20.96,20.02,20.55,3.4758,270800.0,0.0,1.0
2018-07-24,20.57,20.68,20.25,20.68,3.4978,179100.0,0.0,1.0
2018-07-25,20.65,20.9,20.56,20.88,3.5316,187000.0,0.0,1.0
2018-07-26,20.73,20.74,20.29,20.5,3.4674,102000.0,0.0,1.0
2018-07-27,20.64,20.74,20.2,20.7,3.5012,135100.0,0.0,1.0
2018-07-30,20.63,20.63,20.31,20.31,3.4352,139900.0,0.0,1.0
2018-07-31,20.1,20.27,19.62,19.8,3.349,424100.0,0.0,1.0
2018-08-01,19.63,19.95,19.3,19.5,3.2982,575900.0,0.0,1.0
2018-08-02,19.35,19.78,19.35,19.7,3.332,314500.0,0.0,1.0
2018-08-03,19.8,19.91,19.59,19.9,3.3659,777600.0,0.0,1.0
2018-08-06,19.74,19.85,19.43,19.5,3.2982,287200.0,0.0,1.0
2018-08-07,19.5,19.8,19.12,19.45,3.2898,949500.0,0.0,1.0
2018-08-08,19.62,20.2,19.62,19.8,3.349,519300.0,0.0,1.0
2018-08-09,19.98,20.58,19.5,20.25,3.4251,430400.0,0.0,1.0
2018-08-10,20.03,20.03,19.37,19.58,3.3118,711100.0,0.0,1.0
2018-08-13,19.58,20.68,19.32,20.4,4.0009,263100.0,0.6735,1.0
2018-08-14,19.85,20.28,19.48,20.13,3.948,149200.0,0.0,1.0
2018-08-15,20.1,20.48,19.52,19.77,3.8774,734000.0,0.0,1.0
2018-08-16,19.8,20.1,19.21,20.0,3.9225,164100.0,0.0,1.0
2018-08-17,19.82,19.97,19.51,19.78,3.8793,70700.0,0.0,1.0
2018-08-20,19.69,19.91,19.56,19.91,3.9048,39200.0,0.0,1.0
2018-08-21,19.8,19.8,18.8,19.1,3.746,267900.0,0.0,1.0
2018-08-22,18.95,20.19,18.9,20.18,3.9578,184500.0,0.0,1.0
2018-08-23,19.94,20.1,19.5,19.5,3.8244,108700.0,0.0,1.0
2018-08-24,19.59,19.68,19.43,19.58,3.8401,208900.0,0.0,1.0
2018-08-27,19.7,20.9,19.7,20.9,4.099,47900.0,0.0,1.0
2018-08-28,20.64,20.9,20.24,20.3,3.9813,128500.0,0.0,1.0
2018-08-29,20.25,20.7,20.2,20.7,4.0598,136800.0,0.0,1.0
2018-08-30,20.52,20.8,19.79,20.03,3.9284,161100.0,0.0,1.0
2018-08-31,20.09,20.94,20.02,20.5,4.0205,415200.0,0.0,1.0
2018-09-03,20.5,20.5,20.1,20.4,4.0009,47300.0,0.0,1.0
2018-09-04,20.23,20.25,19.72,20.1,3.9421,182400.0,0.0,1.0
2018-09-05,19.9,20.44,19.85,20.44,4.0088,121900.0,0.0,1.0
2018-09-06,20.36,20.57,20.05,20.48,4.0166,250000.0,0.0,1.0
2018-09-10,20.7,20.7,20.11,20.3,3.9813,325300.0,0.0,1.0
2018-09-11,20.12,20.12,19.77,19.77,3.8774,110600.0,0.0,1.0
2018-09-12,19.8,20.1,19.4,20.1,3.9421,1124300.0,0.0,1.0
2018-09-13,20.02,20.14,19.45,20.1,3.9421,2377300.0,0.0,1.0
2018-09-14,19.91,20.71,19.9,20.65,4.05,298900.0,0.0,1.0
2018-09-17,20.5,21.3,20.46,21.15,4.148,183200.0,0.0,1.0
2018-09-18,21.08,21.12,20.51,21.0,4.1186,391500.0,0.0,1.0
2018-09-19,21.22,21.22,20.65,21.1,4.1382,489000.0,0.0,1.0
2018-09-20,21.07,21.15,20.76,21.09,4.1363,401800.0,0.0,1.0
2018-09-21,21.3,21.36,20.76,21.15,4.148,1639800.0,0.0,1.0
2018-09-24,21.27,21.3,21.06,21.15,4.148,346900.0,0.0,1.0
2018-09-25,21.1,21.15,20.77,21.15,4.148,585500.0,0.0,1.0
2018-09-26,21.2,21.78,21.05,21.35,4.1872,806800.0,0.0,1.0
2018-09-27,21.34,21.7,21.34,21.7,4.2559,971000.0,0.0,1.0
2018-09-28,21.59,21.64,21.12,21.3,4.1774,1510900.0,0.0,1.0
2018-10-01,21.39,21.39,20.51,20.57,4.0343,531600.0,0.0,1.0
2018-10-02,20.63,20.88,20.39,20.4,4.0009,954500.0,0.0,1.0
2018-10-03,20.46,21.01,20.31,20.42,4.0049,690400.0,0.0,1.0
2018-10-04,20.48,20.48,19.87,19.99,3.9205,456500.0,0.0,1.0
2018-10-05,19.5,19.95,19.4,19.8,3.8833,5413000.0,0.0,1.0
2018-10-08,20.2,20.77,20.2,20.76,4.0715,607100.0,0.0,1.0
2018-10-09,20.76,21.34,20.69,21.0,4.1186,1007500.0,0.0,1.0
2018-10-10,21.01,21.03,20.34,20.88,4.0951,605500.0,0.0,1.0
2018-10-11,20.85,21.0,20.62,20.63,4.046,342300.0,0.0,1.0
2018-10-15,20.97,20.97,20.29,20.45,4.0107,281200.0,0.0,1.0
2018-10-16,20.44,20.45,19.65,19.98,3.9186,826500.0,0.0,1.0
2018-10-17,19.84,20.5,19.57,20.46,4.0127,539900.0,0.0,1.0
2018-10-18,20.47,20.47,19.85,19.97,3.9166,267800.0,0.0,1.0
2018-10-19,20.08,20.19,19.81,19.92,3.9068,99800.0,0.0,1.0
2018-10-22,19.88,20.45,19.88,20.37,3.995,870700.0,0.0,1.0
2018-10-23,20.13,20.33,19.83,20.03,3.9284,424200.0,0.0,1.0
2018-10-24,20.09,20.11,19.24,19.33,3.7911,335800.0,0.0,1.0
2018-10-25,19.49,19.59,19.19,19.4,3.8048,449300.0,0.0,1.0
2018-10-26,19.49,19.57,18.85,19.5,3.8244,541800.0,0.0,1.0
2018-10-29,20.0,20.16,19.28,19.41,3.8068,363900.0,0.0,1.0
2018-10-30,19.46,20.09,19.41,20.0,3.9225,225700.0,0.0,1.0
2018-10-31,20.03,20.29,19.56,19.77,3.8774,297500.0,0.0,1.0
2018-11-01,19.77,20.38,19.66,20.29,3.9794,3419600.0,0.0,1.0
2018-11-05,20.28,20.8,20.07,20.58,4.0362,136800.0,0.0,1.0
2018-11-06,20.4,21.37,20.2,21.37,4.1912,1718700.0,0.0,1.0
2018-11-07,21.37,22.3,20.7,22.07,4.3285,2531100.0,0.0,1.0
2018-11-08,22.01,22.2,21.52,21.75,4.2657,308100.0,0.0,1.0
2018-11-09,21.62,21.7,20.88,21.5,4.2167,3827800.0,0.0,1.0
2018-11-12,21.32,21.87,21.32,21.7,4.2559,109800.0,0.0,1.0
2018-11-13,21.76,22.41,21.18,22.13,4.3402,679300.0,0.0,1.0
2018-11-14,22.16,22.35,21.62,22.1,4.3343,273000.0,0.0,1.0
2018-11-16,22.2,22.3,22.04,22.1,4.3343,714000.0,0.0,1.0
2018-11-19,22.27,22.27,21.65,21.67,4.25,128900.0,0.0,1.0
2018-11-21,21.38,22.15,21.26,21.86,4.2873,217000.0,0.0,1.0
2018-11-22,22.01,22.01,21.67,21.92,4.299,43200.0,0.0,1.0
2018-11-23,22.02,22.09,21.63,21.63,4.2422,77700.0,0.0,1.0
2018-11-26,21.67,22.15,20.87,22.1,4.3343,690900.0,0.0,1.0
2018-11-27,22.27,22.27,21.63,21.81,4.2775,500900.0,0.0,1.0
2018-11-28,22.18,22.21,21.6,21.8,4.2755,354900.0,0.0,1.0
2018-11-29,21.82,22.27,21.79,22.15,4.3441,686800.0,0.0,1.0
2018-11-30,22.18,22.26,22.0,22.15,4.3441,749000.0,0.0,1.0
2018-12-03,22.23,22.47,21.78,21.91,4.2971,860200.0,0.0,1.0
2018-12-04,22.06,22.2,21.74,21.9,4.2951,230200.0,0.0,1.0
2018-12-05,22.14,22.2,21.77,22.15,4.3441,311100.0,0.0,1.0
2018-12-06,21.99,22.15,21.54,21.9,4.2951,235500.0,0.0,1.0
2018-12-07,21.99,22.15,21.76,22.06,4.3265,249300.0,0.0,1.0
2018-12-10,22.0,22.15,21.42,21.52,4.2206,200000.0,0.0,1.0
2018-12-11,21.81,21.81,21.23,21.45,4.2069,129800.0,0.0,1.0
2018-12-12,21.71,22.0,21.57,21.71,4.2579,446800.0,0.0,1.0
2018-12-13,21.51,22.1,21.51,21.81,4.2775,250700.0,0.0,1.0
2018-12-14,21.82,21.98,21.62,21.91,4.2971,567600.0,0.0,1.0
2018-12-17,21.8,22.14,21.79,21.88,4.2912,114500.0,0.0,1.0
2018-12-18,21.9,22.43,21.9,22.35,4.3834,234900.0,0.0,1.0
2018-12-19,22.47,23.63,22.39,23.15,4.5403,782000.0,0.0,1.0
2018-12-20,23.5,23.62,23.17,23.45,4.5991,532200.0,0.0,1.0
2018-12-21,23.76,23.85,23.07,23.07,4.5246,977300.0,0.0,1.0
2018-12-26,23.0,23.67,22.99,23.56,4.6207,227200.0,0.0,1.0
2018-12-27,23.01,23.71,23.01,23.46,4.6011,337000.0,0.0,1.0
2018-12-28,23.22,23.68,23.22,23.55,4.6187,1266200.0,0.0,1.0
2019-01-02,23.65,24.93,23.65,24.9,4.8835,365800.0,0.0,1.0
2019-01-03,25.8,25.99,24.46,25.93,5.0855,394000.0,0.0,1.0
2019-01-04,26.15,26.87,25.84,26.85,5.2659,184200.0,0.0,1.0
2019-01-07,27.0,27.8,26.86,27.4,5.9921,1826700.0,0.6927,1.0
2019-01-08,26.67,26.92,25.56,26.21,5.7319,652700.0,0.0,1.0
2019-01-09,26.48,26.48,25.73,26.25,5.7406,898300.0,0.0,1.0
2019-01-10,26.23,26.37,25.92,25.93,5.6706,389200.0,0.0,1.0
2019-01-11,25.93,26.14,25.59,25.9,5.6641,283600.0,0.0,1.0
2019-01-14,25.9,26.04,25.63,25.64,5.6072,366300.0,0.0,1.0
2019-01-15,25.55,25.75,25.34,25.6,5.5985,377400.0,0.0,1.0
2019-01-16,25.27,26.18,25.27,26.0,5.686,911000.0,0.0,1.0
2019-01-17,26.17,26.95,26.02,26.7,5.839,687600.0,0.0,1.0
2019-01-18,26.77,28.3,26.64,27.89,6.0993,509100.0,0.0,1.0
2019-01-21,27.89,27.89,27.4,27.6,6.0359,644600.0,0.0,1.0
2019-01-22,27.6,27.94,27.31,27.4,5.9921,740100.0,0.0,1.0
2019-01-23,27.45,28.46,27.39,28.0,6.1233,1963200.0,0.0,1.0
2019-01-24,28.8,29.58,28.23,29.5,6.4514,2860200.0,0.0,1.0
2019-01-28,28.71,29.62,28.71,29.3,6.4076,329200.0,0.0,1.0
2019-01-29,29.58,29.58,28.61,29.0,6.342,673300.0,0.0,1.0
2019-01-30,29.08,29.66,28.83,29.28,6.4033,3551000.0,0.0,1.0
2019-01-31,29.3,30.07,29.25,29.59,6.4711,2685400.0,0.0,1.0
2019-02-01,29.62,30.2,29.31,29.68,6.4907,274900.0,0.0,1.0
2019-02-04,29.68,30.62,29.3,30.57,6.6854,393700.0,0.0,1.0
2019-02-05,30.56,30.58,29.84,30.1,6.5826,620000.0,0.0,1.0
2019-02-06,30.08,30.08,29.21,29.43,6.4361,338400.0,0.0,1.0
2019-02-07,29.96,30.6,29.41,30.6,6.6919,802100.0,0.0,1.0
2019-02-08,31.46,32.81,31.06,32.0,6.9981,1676200.0,0.0,1.0
2019-02-11,32.3,32.3,31.82,32.05,7.009,527000.0,0.0,1.0
2019-02-12,32.12,33.32,32.08,33.05,7.2277,1629200.0,0.0,1.0
2019-02-13,33.4,34.44,33.29,34.0,7.4355,2543000.0,0.0,1.0
2019-02-14,34.51,34.73,33.74,34.2,7.4792,1869900.0,0.0,1.0
2019-02-15,34.49,34.49,33.98,34.0,7.4355,1380800.0,0.0,1.0
2019-02-18,34.05,35.63,33.93,34.3,7.5011,980600.0,0.0,1.0
2019-02-19,34.5,34.5,33.35,33.65,7.3589,1517000.0,0.0,1.0
2019-02-20,33.75,33.75,32.53,32.65,7.1403,1269800.0,0.0,1.0
2019-02-21,32.82,33.19,31.92,32.75,7.1621,768000.0,0.0,1.0
2019-02-22,33.0,33.35,32.04,32.75,7.1621,1579000.0,0.0,1.0
2019-02-25,33.11,33.15,31.98,32.63,7.1359,787500.0,0.0,1.0
2019-02-26,32.65,32.82,32.12,32.6,7.1293,656600.0,0.0,1.0
2019-02-27,32.73,34.93,32.4,34.25,7.4902,1417200.0,0.0,1.0
2019-02-28,34.24,34.25,33.45,34.15,7.4683,721100.0,0.0,1.0
2019-03-01,34.24,34.24,33.43,34.0,7.4355,1161000.0,0.0,1.0
2019-03-06,34.01,34.07,32.8,33.6,7.348,957400.0,0.0,1.0
2019-03-07,33.66,33.7,32.56,32.59,7.1271,2441500.0,0.0,1.0
2019-03-08,32.5,32.86,32.04,32.7,7.1512,1088000.0,0.0,1.0
2019-03-11,32.8,33.89,32.1,33.8,7.3917,2097400.0,0.0,1.0
2019-03-12,33.95,33.95,33.23,33.47,7.3196,2033500.0,0.0,1.0
2019-03-13,33.5,34.25,33.11,34.25,7.4902,1907300.0,0.0,1.0
2019-03-14,34.24,34.25,33.89,34.08,7.453,384600.0,0.0,1.0
2019-03-15,34.25,35.47,33.98,35.47,7.757,3302700.0,0.0,1.0
2019-03-18,35.5,36.2,35.07,36.2,7.9166,1251800.0,0.0,1.0
2019-03-19,36.18,36.62,35.8,36.3,7.9385,791700.0,0.0,1.0
2019-03-20,36.3,36.35,35.87,36.15,7.9057,993700.0,0.0,1.0
2019-03-21,36.19,36.19,34.49,35.5,7.7635,948800.0,0.0,1.0
2019-03-22,35.48,35.48,34.72,34.95,7.6432,841500.0,0.0,1.0
2019-03-25,35.98,36.16,34.26,35.08,7.6717,1351500.0,0.0,1.0
2019-03-26,35.37,36.25,35.17,36.25,7.9275,1634100.0,0.0,1.0
2019-03-27,36.17,36.17,33.62,33.8,7.3917,2074800.0,0.0,1.0
2019-03-28,33.85,34.8,33.16,34.53,7.5514,1816400.0,0.0,1.0
2019-03-29,35.0,36.2,34.63,36.2,7.9166,1106500.0,0.0,1.0
2019-04-01,36.25,36.4,36.05,36.25,7.9275,1517200.0,0.0,1.0
2019-04-02,36.39,36.39,35.79,36.25,7.9275,1052000.0,0.0,1.0
2019-04-03,36.35,37.64,36.25,36.68,8.0216,1596100.0,0.0,1.0
2019-04-04,36.68,39.5,36.63,38.5,8.4196,12063600.0,0.0,1.0
2019-04-05,38.59,38.59,37.71,37.95,8.2993,858900.0,0.0,1.0
2019-04-08,38.0,38.02,37.38,37.99,8.3081,956600.0,0.0,1.0
2019-04-09,37.99,38.15,36.92,37.45,8.19,656000.0,0.0,1.0
2019-04-10,37.8,38.0,37.66,38.0,8.3102,1817400.0,0.0,1.0
2019-04-11,38.0,38.0,37.14,37.3,8.1572,1237400.0,0.0,1.0
2019-04-12,37.25,37.7,36.44,37.39,8.1768,620000.0,0.0,1.0
2019-04-15,37.5,38.0,37.5,37.69,8.2425,1143900.0,0.0,1.0
2019-04-16,37.69,37.94,37.15,37.7,8.2446,553500.0,0.0,1.0
2019-04-17,37.59,37.96,37.0,37.96,8.3015,2547300.0,0.0,1.0
2019-04-18,37.99,38.15,37.7,37.96,8.3015,1983000.0,0.0,1.0
2019-04-22,37.99,38.0,37.5,38.0,8.3102,928100.0,0.0,1.0
2019-04-23,38.0,39.46,37.93,39.45,8.6273,4050500.0,0.0,1.0
2019-04-24,40.36,40.36,39.4,39.67,8.6755,1669400.0,0.0,1.0
2019-04-25,39.67,39.9,38.89,39.9,8.7258,1752900.0,0.0,1.0
2019-04-26,39.8,40.5,39.66,40.13,8.7761,1946900.0,0.0,1.0
2019-04-29,40.13,40.75,40.0,40.6,8.8788,2038800.0,0.0,1.0
2019-04-30,40.6,41.45,40.31,41.38,9.0494,2469000.0,0.0,1.0
2019-05-02,41.28,41.32,40.8,40.85,8.9335,1365000.0,0.0,1.0
2019-05-03,40.86,41.04,40.55,40.55,8.8679,2335100.0,0.0,1.0
2019-05-06,40.44,40.89,39.94,40.3,8.8132,2550300.0,0.0,1.0
2019-05-07,40.07,40.56,39.52,40.1,8.7695,2756200.0,0.0,1.0
2019-05-08,40.01,40.39,39.65,39.85,8.7148,1185600.0,0.0,1.0
2019-05-09,40.1,40.46,39.16,40.14,8.7782,1296300.0,0.0,1.0
2019-05-10,40.24,42.19,40.14,41.75,9.1303,2662700.0,0.0,1.0
2019-05-13,41.6,41.82,41.21,41.75,9.1303,2673400.0,0.0,1.0
2019-05-14,42.1,42.4,39.78,40.79,8.9204,2722700.0,0.0,1.0
2019-05-15,40.69,40.69,39.56,40.0,8.7476,1639700.0,0.0,1.0
2019-05-16,40.13,41.03,39.38,39.94,8.7345,2463300.0,0.0,1.0
2019-05-17,39.99,40.34,38.52,39.2,8.5727,1624100.0,0.0,1.0
2019-05-20,39.63,39.74,38.82,39.38,8.612,1530900.0,0.0,1.0
2019-05-21,39.58,42.7,39.46,42.56,9.3075,2183400.0,0.0,1.0
2019-05-22,42.58,44.11,42.08,43.95,9.6115,1952100.0,0.0,1.0
2019-05-23,43.8,44.76,43.2,43.97,9.6158,1619500.0,0.0,1.0
2019-05-24,44.4,44.4,43.35,43.7,9.5568,1424200.0,0.0,1.0
2019-05-27,43.5,44.7,42.69,44.2,9.6661,2201100.0,0.0,1.0
2019-05-28,44.61,44.61,41.95,43.67,9.5502,24557500.0,0.0,1.0
2019-05-29,45.0,46.76,44.9,46.0,10.0598,4124200.0,0.0,1.0
2019-05-30,46.1,48.31,45.98,48.01,10.4993,2646800.0,0.0,1.0
2019-05-31,47.76,48.13,46.2,46.73,10.2194,2986900.0,0.0,1.0
2019-06-03,47.34,47.37,45.71,46.69,10.2107,1361200.0,0.0,1.0
2019-06-04,46.51,47.1,45.54,46.71,10.215,1623800.0,0.0,1.0
2019-06-05,47.12,47.29,44.72,45.15,9.8739,1738500.0,0.0,1.0
2019-06-06,45.36,48.13,45.05,47.83,10.46,1792000.0,0.0,1.0
2019-06-07,48.21,48.77,47.84,48.6,10.6284,1303300.0,0.0,1.0
2019-06-10,48.7,48.7,47.25,47.35,10.355,1874700.0,0.0,1.0
2019-06-11,47.6,48.0,46.8,47.29,10.3419,1847600.0,0.0,1.0
2019-06-12,47.8,48.37,47.09,47.25,10.3331,5287400.0,0.0,1.0
2019-06-13,47.6,47.64,46.15,47.4,10.3659,6724400.0,0.0,1.0
2019-06-14,47.38,47.38,46.22,46.8,10.2347,2611400.0,0.0,1.0
2019-06-17,46.41,48.5,46.41,47.75,10.4425,4024500.0,0.0,1.0
2019-06-18,48.0,49.37,47.36,48.87,10.6874,6543100.0,0.0,1.0
2019-06-19,49.15,49.68,48.66,49.6,10.8471,2529600.0,0.0,1.0
2019-06-21,50.0,50.73,49.21,50.35,11.0111,3751000.0,0.0,1.0
2019-06-24,50.01,50.54,49.46,49.8,10.8908,1295300.0,0.0,1.0
2019-06-25,49.97,50.13,48.98,49.5,10.8252,1529700.0,0.0,1.0
2019-06-26,50.1,50.1,48.59,49.0,10.7158,2093100.0,0.0,1.0
2019-06-27,49.0,49.7,48.22,49.7,10.8689,1511800.0,0.0,1.0
2019-06-28,49.7,50.88,49.1,50.88,11.127,11688900.0,0.0,1.0
2019-07-01,51.8,51.8,49.47,50.05,10.9455,1519300.0,0.0,1.0
2019-07-02,50.44,50.63,49.9,50.09,10.9542,1339200.0,0.0,1.0
2019-07-03,50.1,51.0,49.11,51.0,11.1532,2031900.0,0.0,1.0
2019-07-04,51.0,53.46,51.0,52.99,11.5884,1498600.0,0.0,1.0
2019-07-05,53.04,56.88,52.5,56.11,12.2707,2516600.0,0.0,1.0
2019-07-08,55.86,57.91,55.68,56.74,12.4085,2646100.0,0.0,1.0
2019-07-10,57.0,57.4,55.61,56.32,12.3167,2527400.0,0.0,1.0
2019-07-11,56.33,59.17,56.33,58.21,12.73,3857100.0,0.0,1.0
2019-07-12,57.99,58.55,57.2,57.99,12.6819,1446800.0,0.0,1.0
2019-07-15,58.0,58.48,57.31,57.6,12.5966,1824800.0,0.0,1.0
2019-07-16,57.35,58.76,57.02,58.5,12.7934,1808200.0,0.0,1.0
2019-07-17,59.0,59.0,58.13,58.49,12.7912,1694100.0,0.0,1.0
2019-07-18,58.5,58.75,56.87,57.95,12.6731,2058800.0,0.0,1.0
2019-07-19,57.69,58.14,56.56,56.9,12.4435,2260100.0,0.0,1.0
2019-07-22,56.89,57.88,56.35,56.35,12.3232,1932200.0,0.0,1.0
2019-07-23,56.4,56.98,55.26,56.0,12.2467,1569700.0,0.0,1.0
2019-07-24,56.0,56.49,55.4,55.65,12.1701,745400.0,0.0,1.0
2019-07-25,55.65,55.98,54.38,54.9,12.0061,1156100.0,0.0,1.0
2019-07-26,55.1,55.25,54.23,55.0,12.028,1991300.0,0.0,1.0
2019-07-29,55.25,56.29,54.58,56.29,12.3101,1288600.0,0.0,1.0
2019-07-30,56.33,59.89,56.33,59.5,13.0121,2696000.0,0.0,1.0
2019-07-31,59.69,61.93,58.75,59.76,13.069,3163800.0,0.0,1.0
2019-08-01,59.8,64.35,59.8,61.33,13.4123,3795500.0,0.0,1.0
2019-08-02,62.97,63.35,60.6,61.9,13.537,1878800.0,0.0,1.0
2019-08-05,61.59,61.59,59.4,59.59,13.0318,1902300.0,0.0,1.0
2019-08-06,60.2,63.77,60.2,63.07,13.7928,2897400.0,0.0,1.0
2019-08-07,63.1,64.1,61.5,63.42,13.8694,2787500.0,0.0,1.0
2019-08-08,64.19,65.56,63.09,64.9,14.8633,1798300.0,0.715,1.0
2019-08-09,65.0,65.57,62.89,64.25,14.7145,944100.0,0.0,1.0
2019-08-12,64.0,64.15,61.32,62.5,14.3137,2432700.0,0.0,1.0
2019-08-13,66.0,66.95,63.73,64.06,14.6709,3258900.0,0.0,1.0
2019-08-14,64.0,64.79,61.98,62.37,14.2839,2382100.0,0.0,1.0
2019-08-15,62.41,64.41,61.09,61.85,14.1648,2751600.0,0.0,1.0
2019-08-16,62.39,63.95,60.49,61.45,14.0732,2335800.0,0.0,1.0
2019-08-19,62.5,64.77,62.18,63.8,14.6114,2467100.0,0.0,1.0
2019-08-20,63.99,65.6,61.29,65.5,15.0007,1935700.0,0.0,1.0
2019-08-21,65.81,67.94,65.75,66.01,15.1175,2146500.0,0.0,1.0
2019-08-22,67.0,68.44,66.63,67.2,15.3901,2930700.0,0.0,1.0
2019-08-23,59.75,61.6,55.6,56.99,13.0518,15438400.0,0.0,1.0
2019-08-26,58.6,59.31,40.0,46.46,10.6402,22709300.0,0.0,1.0
2019-08-27,50.21,54.82,47.11,54.53,12.4884,13689500.0,0.0,1.0
2019-08-28,54.67,54.97,52.0,53.32,12.2113,3418300.0,0.0,1.0
2019-08-29,54.22,58.6,52.65,56.2,12.8709,7637000.0,0.0,1.0
2019-08-30,57.6,58.58,56.51,58.58,13.4159,8387200.0,0.0,1.0
2019-09-02,57.5,59.6,57.4,58.8,13.4663,2269900.0,0.0,1.0
2019-09-03,58.8,58.81,55.71,55.99,12.8228,2890000.0,0.0,1.0
2019-09-04,56.63,57.01,54.35,55.6,12.7334,3363600.0,0.0,1.0
2019-09-05,56.05,57.29,54.4,54.5,12.4815,2555100.0,0.0,1.0
2019-09-06,54.0,54.89,52.61,52.8,12.0922,3432000.0,0.0,1.0
2019-09-09,53.09,53.37,49.37,50.56,11.5792,4542100.0,0.0,1.0
2019-09-10,50.5,51.42,49.3,51.42,11.7761,3748000.0,0.0,1.0
2019-09-11,52.25,53.96,52.23,53.56,12.2662,2243600.0,0.0,1.0
2019-09-12,54.59,55.53,53.02,55.16,12.6327,3204400.0,0.0,1.0
2019-09-13,55.62,56.13,54.58,55.11,12.6212,2456500.0,0.0,1.0
2019-09-16,55.03,55.69,54.1,54.45,12.4701,1891000.0,0.0,1.0
2019-09-17,54.48,55.5,54.03,55.45,12.6991,1576000.0,0.0,1.0
2019-09-18,55.0,56.83,55.0,56.83,13.0151,1550600.0,0.0,1.0
2019-09-19,57.0,58.69,56.53,57.96,13.2739,3544800.0,0.0,1.0
2019-09-20,57.97,58.29,56.87,57.45,13.1571,2087300.0,0.0,1.0
2019-09-23,57.29,57.29,56.19,57.0,13.0541,1317600.0,0.0,1.0
2019-09-24,57.25,57.25,56.21,56.9,13.0312,751700.0,0.0,1.0
2019-09-25,57.09,57.31,54.9,57.31,13.1251,1671600.0,0.0,1.0
2019-09-26,57.3,58.62,56.91,58.62,13.4251,2282500.0,0.0,1.0
2019-09-27,58.62,58.62,57.33,58.25,13.3403,1551400.0,0.0,1.0
2019-09-30,58.0,58.99,57.9,58.55,13.409,4537300.0,0.0,1.0
2019-10-01,58.5,58.73,57.21,57.8,13.2373,971300.0,0.0,1.0
2019-10-02,57.03,57.33,55.63,56.28,12.8892,1269900.0,0.0,1.0
2019-10-03,56.01,56.41,50.6,54.15,12.4014,5911700.0,0.0,1.0
2019-10-04,54.15,55.47,51.51,51.75,11.8517,5431700.0,0.0,1.0
2019-10-07,51.8,52.15,50.61,50.62,11.5929,3089100.0,0.0,1.0
2019-10-08,50.98,52.14,49.96,51.62,11.8219,2141400.0,0.0,1.0
2019-10-09,52.24,52.61,50.65,52.32,11.9823,1600000.0,0.0,1.0
2019-10-10,51.82,54.19,51.66,53.7,12.2983,2205100.0,0.0,1.0
2019-10-11,54.0,54.9,53.53,54.81,12.5525,1591300.0,0.0,1.0
2019-10-14,54.95,55.85,54.11,55.73,12.7632,1043500.0,0.0,1.0
2019-10-15,55.85,57.66,55.24,56.92,13.0357,1433400.0,0.0,1.0
2019-10-16,56.69,58.19,56.26,58.19,13.3266,1008500.0,0.0,1.0
2019-10-17,58.05,58.8,58.01,58.35,13.3632,870000.0,0.0,1.0
2019-10-18,57.99,58.74,57.32,58.2,13.3289,881600.0,0.0,1.0
2019-10-21,58.0,58.78,57.41,58.74,13.4526,1134200.0,0.0,1.0
2019-10-22,58.9,59.48,58.28,59.3,13.5808,1654400.0,0.0,1.0
2019-10-23,59.06,62.23,58.7,61.79,14.1511,2785200.0,0.0,1.0
2019-10-24,61.65,64.5,61.6,64.4,14.7488,5617500.0,0.0,1.0
2019-10-25,64.7,66.26,63.51,64.4,14.7488,1720300.0,0.0,1.0
2019-10-28,65.0,65.0,63.89,64.2,14.703,1208100.0,0.0,1.0
2019-10-29,64.11,64.56,63.15,63.5,14.5427,1308400.0,0.0,1.0
2019-10-30,63.99,64.44,63.04,64.33,14.7328,1435700.0,0.0,1.0
2019-10-31,64.4,65.58,63.69,64.96,14.8771,1668300.0,0.0,1.0
2019-11-01,65.68,66.72,64.81,66.36,15.1977,2109200.0,0.0,1.0
2019-11-04,66.39,67.0,64.85,66.0,15.1152,2051600.0,0.0,1.0
2019-11-05,67.3,67.98,66.03,67.0,15.3443,4516900.0,0.0,1.0
2019-11-06,67.25,67.74,65.28,66.24,15.1702,1665900.0,0.0,1.0
2019-11-07,66.81,67.0,66.14,67.0,15.3443,949500.0,0.0,1.0
2019-11-08,66.3,68.24,65.67,67.3,15.413,1948200.0,0.0,1.0
2019-11-11,67.29,67.52,66.32,67.0,15.3443,1889800.0,0.0,1.0
2019-11-12,66.45,67.21,65.75,66.8,15.2984,1568000.0,0.0,1.0
2019-11-13,66.07,66.82,63.48,65.67,15.0397,3676000.0,0.0,1.0
2019-11-14,65.66,67.34,65.05,67.1,15.3672,1252600.0,0.0,1.0
2019-11-18,67.51,68.26,66.25,66.6,15.2526,1666600.0,0.0,1.0
2019-11-19,67.0,68.9,66.48,68.79,15.7542,2352600.0,0.0,1.0
2019-11-21,68.8,71.52,68.32,71.52,16.3794,3397400.0,0.0,1.0
2019-11-22,71.7,71.7,70.55,71.25,16.3176,1247100.0,0.0,1.0
2019-11-25,71.67,71.95,69.6,69.81,15.9878,2264600.0,0.0,1.0
2019-11-26,70.0,70.0,66.25,68.31,15.6443,4312500.0,0.0,1.0
2019-11-27,68.49,68.73,67.1,68.15,15.6076,1540500.0,0.0,1.0
2019-11-28,68.3,69.1,67.73,68.5,15.6878,893400.0,0.0,1.0
2019-11-29,68.5,70.25,68.5,70.25,16.0886,1628600.0,0.0,1.0
2019-12-02,70.0,70.85,68.63,68.63,15.7176,1785900.0,0.0,1.0
2019-12-03,69.0,69.13,67.8,67.95,15.5618,1586600.0,0.0,1.0
2019-12-04,68.5,70.95,67.9,70.95,16.2489,1528100.0,0.0,1.0
2019-12-05,70.95,71.46,70.35,71.08,16.2786,1862400.0,0.0,1.0
2019-12-06,71.5,74.88,71.02,74.73,17.1146,2682800.0,0.0,1.0
2019-12-09,75.0,77.47,75.0,76.5,17.5199,3639600.0,0.0,1.0
2019-12-10,76.9,76.92,73.23,74.35,17.0275,2996400.0,0.0,1.0
2019-12-11,74.8,75.92,72.51,73.68,16.8741,6033000.0,0.0,1.0
2019-12-12,74.04,75.16,73.52,74.43,17.0459,2197200.0,0.0,1.0
2019-12-13,74.75,74.95,73.51,74.7,17.1077,1665300.0,0.0,1.0
2019-12-16,74.99,75.55,74.02,74.18,16.9886,1850900.0,0.0,1.0
2019-12-17,74.68,75.39,73.11,74.84,17.1398,1747300.0,0.0,1.0
2019-12-18,75.4,75.4,73.41,75.27,17.2382,4406500.0,0.0,1.0
2019-12-19,75.0,77.18,74.26,76.32,17.4787,4410200.0,0.0,1.0
2019-12-20,76.36,76.77,75.25,75.58,17.3092,1936400.0,0.0,1.0
2019-12-23,75.54,76.41,73.15,74.8,17.1306,2982900.0,0.0,1.0
2019-12-26,74.85,76.35,74.55,75.18,17.2176,972600.0,0.0,1.0
2019-12-27,75.5,75.83,73.77,75.8,17.3596,1494700.0,0.0,1.0
2019-12-30,75.99,76.72,75.02,76.13,17.4352,1944900.0,0.0,1.0
2020-01-02,76.15,76.99,75.56,76.3,17.4741,2061800.0,0.0,1.0
2020-01-03,75.88,76.5,75.46,76.35,17.4856,2000300.0,0.0,1.0
2020-01-06,76.35,76.9,75.3,75.45,17.86,2225400.0,0.6204,1.0
2020-01-07,74.65,75.96,73.15,75.7,17.9192,1859400.0,0.0,1.0
2020-01-08,75.4,75.5,73.96,75.2,17.8008,1211000.0,0.0,1.0
2020-01-09,75.2,75.95,74.52,75.9,17.9665,1248300.0,0.0,1.0
2020-01-10,76.0,78.2,75.14,75.89,17.9641,2659000.0,0.0,1.0
2020-01-13,76.4,77.4,76.18,76.33,18.0683,1522800.0,0.0,1.0
2020-01-14,76.33,76.48,75.01,75.01,17.7558,1279200.0,0.0,1.0
2020-01-15,75.01,75.42,73.6,74.49,17.6327,1314100.0,0.0,1.0
2020-01-16,74.81,75.4,73.3,74.94,17.7393,961900.0,0.0,1.0
2020-01-17,74.95,76.91,74.31,76.91,18.2056,1050200.0,0.0,1.0
2020-01-20,76.7,77.08,76.06,76.81,18.1819,1099800.0,0.0,1.0
2020-01-21,76.77,77.4,75.63,77.35,18.3097,1676800.0,0.0,1.0
2020-01-22,77.4,78.28,75.0,78.28,18.5299,2256200.0,0.0,1.0
2020-01-23,78.1,78.9,77.14,78.35,18.5464,1838200.0,0.0,1.0
2020-01-24,78.4,78.9,76.77,78.35,18.5464,2054000.0,0.0,1.0
2020-01-27,76.5,76.82,73.61,73.68,17.441,1712200.0,0.0,1.0
2020-01-28,73.98,76.0,73.98,75.2,17.8008,1056600.0,0.0,1.0
2020-01-29,75.3,76.04,74.2,74.91,17.7322,998900.0,0.0,1.0
2020-01-30,74.88,75.45,72.61,75.4,17.8481,1972300.0,0.0,1.0
2020-01-31,74.14,75.55,73.21,75.0,17.7535,2933400.0,0.0,1.0
2020-02-03,75.9,75.9,74.33,75.49,17.8694,1121600.0,0.0,1.0
2020-02-04,75.99,76.4,74.71,75.64,17.905,1788600.0,0.0,1.0
2020-02-05,76.38,78.9,76.13,78.9,18.6766,2611600.0,0.0,1.0
2020-02-06,78.9,78.9,76.86,78.2,18.5109,1957400.0,0.0,1.0
2020-02-07,78.2,78.9,76.55,77.43,18.3287,1440300.0,0.0,1.0
2020-02-10,77.43,77.43,73.13,73.82,17.4741,1795000.0,0.0,1.0
2020-02-11,73.82,76.76,73.54,76.37,18.0778,2860300.0,0.0,1.0
2020-02-12,76.37,79.4,76.05,79.4,18.795,2237700.0,0.0,1.0
2020-02-13,79.0,83.69,77.8,81.45,19.2803,3074800.0,0.0,1.0
2020-02-14,81.45,81.45,76.15,78.0,18.4636,3771700.0,0.0,1.0
2020-02-17,78.0,78.76,76.5,77.3,18.2979,1628000.0,0.0,1.0
2020-02-18,76.89,76.89,73.99,74.95,17.7416,2658200.0,0.0,1.0
2020-02-19,74.5,75.45,72.16,74.95,17.7416,5031700.0,0.0,1.0
2020-02-20,75.1,75.1,71.51,72.9,17.2564,3309400.0,0.0,1.0
2020-02-21,72.0,73.99,70.9,72.49,17.1593,1773400.0,0.0,1.0
2020-02-26,67.94,68.55,65.24,67.36,15.945,3420000.0,0.0,1.0
2020-02-27,66.0,68.18,64.22,65.71,15.5544,4069900.0,0.0,1.0
2020-02-28,65.0,67.56,62.21,67.56,15.9923,3910900.0,0.0,1.0
2020-03-02,66.29,69.08,64.5,68.3,16.1675,4805300.0,0.0,1.0
2020-03-03,66.57,68.38,64.1,64.2,15.197,3628800.0,0.0,1.0
2020-03-04,65.1,67.08,64.25,65.83,15.5828,2347500.0,0.0,1.0
2020-03-05,64.9,65.83,59.48,60.0,14.2028,2388200.0,0.0,1.0
2020-03-06,56.13,59.0,54.5,57.62,13.6394,6702500.0,0.0,1.0
2020-03-09,50.0,52.12,47.21,47.21,11.1752,9620400.0,0.0,1.0
2020-03-10,50.7,51.55,47.78,51.26,12.1339,5668800.0,0.0,1.0
2020-03-11,48.83,50.93,42.9,44.41,10.5124,3777900.0,0.0,1.0
2020-03-12,37.97,38.85,31.25,32.48,7.6884,9165800.0,0.0,1.0
2020-03-13,40.7,42.0,32.52,41.54,9.833,14008100.0,0.0,1.0
2020-03-16,35.0,38.07,33.51,35.12,8.3134,5025600.0,0.0,1.0
2020-03-17,36.8,36.85,33.13,35.0,8.2849,7396700.0,0.0,1.0
2020-03-18,32.5,33.14,25.8,32.0,7.5748,7724800.0,0.0,1.0
2020-03-19,30.0,34.08,27.01,32.25,7.634,7113600.0,0.0,1.0
2020-03-20,34.0,34.76,28.51,30.0,7.1014,6419500.0,0.0,1.0
2020-03-23,30.0,30.4,25.53,26.11,6.1806,7775400.0,0.0,1.0
2020-03-24,29.0,32.6,29.0,32.59,7.7145,5453000.0,0.0,1.0
2020-03-25,32.5,37.75,30.85,34.21,8.0979,6468500.0,0.0,1.0
2020-03-26,35.0,40.4,33.8,37.23,8.8128,7832000.0,0.0,1.0
2020-03-27,35.0,37.9,34.32,36.4,8.6163,4283700.0,0.0,1.0
2020-03-30,36.6,38.88,35.16,36.08,8.5406,3168200.0,0.0,1.0
2020-03-31,36.08,36.4,32.56,33.24,7.8683,3600800.0,0.0,1.0
2020-04-01,32.0,32.0,29.5,30.0,7.1014,8734600.0,0.0,1.0
2020-04-02,30.56,31.91,30.0,31.91,7.5535,4151100.0,0.0,1.0
2020-04-03,31.42,32.49,29.6,32.31,7.6482,4103700.0,0.0,1.0
2020-04-06,34.5,37.22,34.5,35.45,8.3915,4271700.0,0.0,1.0
2020-04-07,39.5,40.21,37.24,38.23,9.0495,5056400.0,0.0,1.0
2020-04-08,38.27,40.47,37.4,39.89,9.4425,3172900.0,0.0,1.0
2020-04-09,40.49,42.2,40.18,41.75,9.8828,3527600.0,0.0,1.0
2020-04-13,41.75,41.75,39.44,40.0,9.4685,3125700.0,0.0,1.0
2020-04-14,40.61,42.31,40.46,40.46,9.5774,2698900.0,0.0,1.0
2020-04-15,39.0,41.24,38.5,39.98,9.4638,7656900.0,0.0,1.0
2020-04-16,41.08,41.34,39.36,39.62,9.3786,2285900.0,0.0,1.0
2020-04-17,41.04,41.18,39.83,40.51,9.5892,2321600.0,0.0,1.0
2020-04-20,39.79,41.75,39.36,39.5,9.3502,2589800.0,0.0,1.0
2020-04-22,39.9,42.49,39.2,41.9,9.9183,3603600.0,0.0,1.0
2020-04-23,43.0,44.08,40.39,40.6,9.6105,3776700.0,0.0,1.0
2020-04-24,40.0,40.71,33.8,37.5,8.8767,7228500.0,0.0,1.0
2020-04-27,38.5,40.33,36.88,40.15,9.504,5013200.0,0.0,1.0
2020-04-28,41.29,44.5,41.21,44.5,10.5337,5030600.0,0.0,1.0
2020-04-29,45.15,45.83,43.32,43.74,10.3538,3473200.0,0.0,1.0
2020-04-30,42.3,43.0,40.64,42.3,10.013,4981800.0,0.0,1.0
2020-05-04,40.59,41.8,40.0,41.21,9.7549,2474300.0,0.0,1.0
2020-05-05,41.8,42.67,40.49,41.39,9.7975,1352800.0,0.0,1.0
2020-05-06,41.54,41.75,39.5,39.5,9.3502,2563000.0,0.0,1.0
2020-05-07,40.16,40.17,37.0,37.0,8.7584,5436600.0,0.0,1.0
2020-05-08,37.51,38.41,36.52,37.42,8.8578,4515400.0,0.0,1.0
2020-05-11,37.1,38.83,36.55,37.08,8.7773,2487600.0,0.0,1.0
2020-05-12,38.6,39.52,36.24,36.49,8.6377,3914300.0,0.0,1.0
2020-05-13,37.2,37.75,36.03,37.75,8.9359,2570500.0,0.0,1.0
2020-05-14,37.0,38.12,36.1,38.12,9.0235,3380200.0,0.0,1.0
2020-05-15,37.8,38.81,36.34,37.39,8.8507,3068300.0,0.0,1.0
2020-05-18,38.5,40.94,38.0,40.83,9.665,3426700.0,0.0,1.0
2020-05-19,40.5,42.23,39.93,41.5,9.8236,5119500.0,0.0,1.0
2020-05-20,41.8,43.27,41.16,42.97,10.1715,3971500.0,0.0,1.0
2020-05-21,43.21,47.04,42.28,47.0,11.1255,6408200.0,0.0,1.0
2020-05-22,46.15,46.9,45.21,46.07,10.9054,3593300.0,0.0,1.0
2020-05-25,48.5,50.59,47.07,50.22,11.8877,3198700.0,0.0,1.0
2020-05-26,51.01,52.05,49.21,49.21,11.6486,3919000.0,0.0,1.0
2020-05-27,50.02,50.91,49.62,50.89,12.0463,3973000.0,0.0,1.0
2020-05-28,49.99,50.5,49.13,49.59,11.7386,2947100.0,0.0,1.0
2020-05-29,49.75,49.75,47.25,48.84,11.5611,4683200.0,0.0,1.0
2020-06-01,48.84,50.44,48.19,50.14,11.8688,2755000.0,0.0,1.0
2020-06-02,50.29,55.36,50.2,55.36,13.1044,5325000.0,0.0,1.0
2020-06-03,57.39,61.87,56.8,59.5,14.0844,8998000.0,0.0,1.0
2020-06-04,58.74,61.5,57.24,60.25,14.2619,4213700.0,0.0,1.0
2020-06-05,62.25,63.64,59.58,60.24,14.2596,6930300.0,0.0,1.0
2020-06-08,60.36,67.27,60.36,66.02,15.6278,6100400.0,0.0,1.0
2020-06-09,64.49,68.5,63.28,65.58,15.5236,4185100.0,0.0,1.0
2020-06-10,66.5,67.0,62.5,63.09,14.9342,5672000.0,0.0,1.0
2020-06-12,61.77,63.5,60.7,63.01,14.9153,3780300.0,0.0,1.0
2020-06-15,61.0,62.12,59.52,60.81,14.3945,3947500.0,0.0,1.0
2020-06-16,62.85,64.92,62.32,62.9,14.8892,2792500.0,0.0,1.0
2020-06-17,63.0,66.45,63.0,64.06,15.1638,3581900.0,0.0,1.0
2020-06-18,63.95,69.9,63.04,69.9,16.5462,5145200.0,0.0,1.0
2020-06-19,70.26,72.0,68.22,72.0,17.0433,8422900.0,0.0,1.0
2020-06-22,71.5,77.87,70.52,75.99,17.9878,7700900.0,0.0,1.0
2020-06-23,78.1,81.8,77.2,78.46,18.5725,7662300.0,0.0,1.0
2020-06-24,77.99,79.99,74.62,76.7,18.1559,4329200.0,0.0,1.0
2020-06-25,77.0,79.4,75.15,76.9,18.2032,3177000.0,0.0,1.0
2020-06-26,76.21,77.78,71.9,72.67,17.2019,4783300.0,0.0,1.0
2020-06-29,75.0,76.0,73.7,76.0,17.9902,4680400.0,0.0,1.0
2020-06-30,75.4,78.4,74.29,76.5,18.1085,5878500.0,0.0,1.0
2020-07-01,78.5,79.5,75.76,76.5,18.1085,4037000.0,0.0,1.0
2020-07-02,77.85,80.42,77.24,79.0,18.7003,4206600.0,0.0,1.0
2020-07-03,78.79,80.12,78.23,79.51,18.821,2061800.0,0.0,1.0
2020-07-06,81.15,81.97,79.46,80.0,18.937,3892900.0,0.0,1.0
2020-07-07,79.68,82.19,78.5,81.62,19.3205,3028100.0,0.0,1.0
2020-07-08,81.81,85.0,81.72,85.0,20.1206,3124300.0,0.0,1.0
2020-07-09,85.04,86.08,82.8,83.2,19.6945,3331300.0,0.0,1.0
2020-07-10,83.45,85.4,82.26,85.4,20.2153,3211400.0,0.0,1.0
2020-07-13,86.0,87.1,84.52,84.52,20.007,3009100.0,0.0,1.0
2020-07-14,84.9,86.2,81.84,83.67,19.8058,4013700.0,0.0,1.0
2020-07-15,84.68,85.7,83.83,83.98,19.8791,2201200.0,0.0,1.0
2020-07-16,83.99,88.79,83.3,86.03,20.3644,5454000.0,0.0,1.0
2020-07-17,86.99,89.03,86.06,89.03,21.0745,4069200.0,0.0,1.0
2020-07-20,91.79,93.15,88.78,92.5,21.8959,4126900.0,0.0,1.0
2020-07-21,93.47,93.9,88.5,89.3,21.1385,4390700.0,0.0,1.0
2020-07-22,89.99,90.2,87.26,89.2,21.6874,3072700.0,0.5895,1.0
2020-07-23,89.0,93.15,87.0,87.4,21.2498,5290200.0,0.0,1.0
2020-07-24,87.97,87.97,83.23,86.92,21.1331,5349500.0,0.0,1.0
2020-07-27,87.98,89.81,86.25,87.71,21.3251,3659600.0,0.0,1.0
2020-07-28,87.3,88.39,84.54,84.87,20.6346,3903100.0,0.0,1.0
2020-07-29,85.0,88.07,81.72,87.9,21.3713,5488400.0,0.0,1.0
2020-07-30,86.18,87.88,84.82,86.86,21.1185,3290100.0,0.0,1.0
2020-07-31,87.98,88.5,84.6,86.42,21.0115,4721200.0,0.0,1.0
2020-08-03,88.0,90.9,86.5,89.75,21.8211,4504700.0,0.0,1.0
2020-08-04,88.99,90.22,85.92,87.2,21.2011,3733300.0,0.0,1.0
2020-08-05,87.99,89.3,86.86,88.2,21.4443,2172100.0,0.0,1.0
2020-08-06,88.63,89.64,87.34,89.64,21.7944,2907500.0,0.0,1.0
2020-08-07,89.01,89.52,86.01,87.76,21.3373,3575300.0,0.0,1.0
2020-08-10,88.21,90.74,86.64,88.88,21.6096,3408000.0,0.0,1.0
2020-08-11,90.75,91.86,86.9,87.31,21.2279,5034400.0,0.0,1.0
2020-08-12,88.0,88.91,84.85,87.35,21.2376,3977400.0,0.0,1.0
2020-08-13,87.35,87.68,84.56,85.46,20.7781,3127800.0,0.0,1.0
2020-08-14,86.0,86.26,81.86,82.6,20.0827,3965200.0,0.0,1.0
2020-08-17,82.61,82.61,77.52,79.11,19.2342,4968400.0,0.0,1.0
2020-08-18,80.81,85.71,80.15,85.71,20.8389,5189500.0,0.0,1.0
2020-08-19,85.14,85.6,83.52,83.88,20.3939,2457700.0,0.0,1.0
2020-08-20,81.4,83.53,81.35,83.14,20.214,3610200.0,0.0,1.0
2020-08-21,82.8,83.0,81.1,82.63,20.09,2108100.0,0.0,1.0
2020-08-24,83.65,84.1,82.42,83.39,20.2748,2249500.0,0.0,1.0
2020-08-25,83.0,84.3,80.68,81.1,19.718,3733400.0,0.0,1.0
2020-08-26,81.15,82.96,78.13,80.65,19.6086,3628500.0,0.0,1.0
2020-08-27,81.0,82.8,79.81,82.78,20.1265,2907900.0,0.0,1.0
2020-08-28,82.8,83.46,81.92,82.8,20.1314,1767500.0,0.0,1.0
2020-08-31,82.1,82.5,80.33,80.33,19.5308,3473600.0,0.0,1.0
2020-09-01,80.11,83.86,80.11,83.86,20.3891,4767700.0,0.0,1.0
2020-09-02,84.0,84.64,81.65,83.1,20.2043,2579100.0,0.0,1.0
2020-09-03,83.25,84.41,80.22,81.47,19.808,6238300.0,0.0,1.0
2020-09-04,81.93,82.85,77.57,79.5,19.329,6398000.0,0.0,1.0
2020-09-08,78.15,79.13,77.19,78.03,18.9716,3529000.0,0.0,1.0
2020-09-09,79.0,81.89,78.75,81.51,19.8177,3612600.0,0.0,1.0
2020-09-10,81.21,81.7,78.95,79.13,19.2391,2301000.0,0.0,1.0
2020-09-11,79.5,80.03,77.52,78.11,18.9911,2522500.0,0.0,1.0
2020-09-14,79.24,81.82,79.21,81.48,19.8104,3421100.0,0.0,1.0
2020-09-15,82.38,82.66,79.44,79.89,19.4238,3382200.0,0.0,1.0
2020-09-16,79.89,81.48,79.27,80.0,19.4506,3016400.0,0.0,1.0
2020-09-17,79.15,80.17,78.68,79.72,19.3825,1820500.0,0.0,1.0
2020-09-18,79.0,79.75,75.76,75.76,18.4197,5465900.0,0.0,1.0
2020-09-21,74.0,74.8,72.02,72.6,17.6514,6050100.0,0.0,1.0
2020-09-22,73.0,74.9,70.79,73.2,17.7973,5114800.0,0.0,1.0
2020-09-23,73.51,74.88,72.56,73.13,17.7803,3913800.0,0.0,1.0
2020-09-24,73.44,74.79,72.63,74.07,18.0088,3917900.0,0.0,1.0
2020-09-25,73.7,74.3,72.5,74.3,18.0647,2040800.0,0.0,1.0
2020-09-28,75.2,76.99,72.23,72.3,17.5785,5027900.0,0.0,1.0
2020-09-29,72.3,73.3,70.7,71.1,17.2867,3211900.0,0.0,1.0
2020-09-30,71.54,73.25,71.54,72.85,17.7122,2900300.0,0.0,1.0
2020-10-01,72.51,74.57,71.9,74.51,18.1158,2271200.0,0.0,1.0
2020-10-02,73.9,75.48,71.62,72.08,17.525,2935500.0,0.0,1.0
2020-10-05,72.39,74.69,72.2,74.14,18.0258,1946300.0,0.0,1.0
2020-10-06,74.67,75.31,73.07,73.92,17.9723,2950900.0,0.0,1.0
2020-10-07,73.98,74.59,72.01,72.67,17.6684,2776600.0,0.0,1.0
2020-10-08,72.99,73.9,71.74,73.5,17.8702,4044400.0,0.0,1.0
2020-10-09,73.16,74.93,72.5,72.95,17.7365,1848600.0,0.0,1.0
2020-10-13,73.5,73.65,71.51,71.75,17.4447,2644700.0,0.0,1.0
2020-10-14,71.98,75.2,71.76,74.61,18.1401,3929500.0,0.0,1.0
2020-10-15,73.63,74.23,72.46,74.04,18.0015,2252500.0,0.0,1.0
2020-10-16,73.51,73.86,72.06,72.34,17.5882,2146200.0,0.0,1.0
2020-10-19,72.65,77.18,72.5,75.04,18.2446,3416700.0,0.0,1.0
2020-10-20,75.8,79.23,75.75,79.19,19.2536,4433300.0,0.0,1.0
2020-10-21,79.3,81.27,77.87,81.21,19.7448,3871100.0,0.0,1.0
2020-10-22,81.1,81.68,79.92,80.42,19.5527,3483700.0,0.0,1.0
2020-10-23,80.49,81.49,79.15,79.6,19.3533,3339700.0,0.0,1.0
2020-10-26,80.5,80.58,76.93,78.88,19.1783,3441700.0,0.0,1.0
2020-10-27,80.0,80.04,77.02,77.52,18.8476,3277500.0,0.0,1.0
2020-10-28,75.42,75.64,72.0,72.0,17.5055,4256400.0,0.0,1.0
2020-10-29,72.0,75.8,69.27,74.85,18.1984,6982200.0,0.0,1.0
2020-10-30,74.0,74.0,71.05,72.5,17.6271,4310700.0,0.0,1.0
2020-11-03,73.99,74.24,71.17,71.97,17.4982,2959500.0,0.0,1.0
2020-11-04,73.0,76.45,72.45,76.14,18.5121,3288800.0,0.0,1.0
2020-11-05,76.74,79.81,76.74,78.12,18.9935,4487300.0,0.0,1.0
2020-11-06,76.91,80.6,76.58,80.15,19.4871,3179800.0,0.0,1.0
2020-11-09,82.5,83.59,78.01,78.5,19.0859,5553000.0,0.0,1.0
2020-11-10,78.49,78.89,75.21,75.95,18.4659,6458000.0,0.0,1.0
2020-11-11,75.95,80.37,75.82,79.99,19.4481,6751300.0,0.0,1.0
2020-11-12,79.64,81.24,78.43,79.71,19.3801,5569200.0,0.0,1.0
2020-11-13,80.99,81.31,78.76,80.7,19.6208,3296500.0,0.0,1.0
2020-11-16,81.87,82.85,80.46,80.89,19.667,3280500.0,0.0,1.0
2020-11-17,80.9,83.5,80.85,83.18,20.2237,4344800.0,0.0,1.0
2020-11-18,83.36,83.9,80.92,82.3,20.0098,2879500.0,0.0,1.0
2020-11-19,82.3,83.26,81.3,82.36,20.0244,2151200.0,0.0,1.0
2020-11-20,82.36,82.81,80.76,81.01,19.6961,1425100.0,0.0,1.0
2020-11-23,81.41,81.87,78.87,79.4,19.3047,2796200.0,0.0,1.0
2020-11-24,79.61,80.4,78.57,79.41,19.3071,2566900.0,0.0,1.0
2020-11-25,79.42,81.34,78.93,81.04,19.7034,3072300.0,0.0,1.0
2020-11-26,80.78,81.45,79.35,81.45,19.8031,1264800.0,0.0,1.0
2020-11-27,81.46,82.48,80.44,81.01,19.6961,1680100.0,0.0,1.0
2020-11-30,80.5,80.59,78.23,79.22,19.2609,4956300.0,0.0,1.0
2020-12-01,79.79,82.73,78.32,80.51,19.5746,4604800.0,0.0,1.0
2020-12-02,80.95,82.48,78.23,79.9,19.4263,4271800.0,0.0,1.0
2020-12-03,80.48,86.6,79.63,83.55,20.3137,7563900.0,0.0,1.0
2020-12-04,84.4,84.85,81.77,82.75,20.1192,2565100.0,0.0,1.0
2020-12-07,82.91,83.47,80.7,82.0,19.9368,2012000.0,0.0,1.0
2020-12-08,81.5,83.96,81.01,82.54,20.0681,1704700.0,0.0,1.0
2020-12-09,82.43,82.85,78.8,79.44,19.3144,3751600.0,0.0,1.0
2020-12-10,79.65,81.17,78.03,80.34,19.5332,3179800.0,0.0,1.0
2020-12-11,79.29,82.44,79.2,81.6,19.8396,3032300.0,0.0,1.0
2020-12-14,81.39,86.08,81.16,86.08,20.9288,3682700.0,0.0,1.0
2020-12-15,86.88,89.1,86.3,88.35,21.4807,4567800.0,0.0,1.0
2020-12-16,88.5,92.24,87.84,90.8,22.0764,4974900.0,0.0,1.0
2020-12-17,90.82,92.94,90.79,91.57,22.2636,3384800.0,0.0,1.0
2020-12-18,91.57,91.9,89.25,90.07,21.8989,2921900.0,0.0,1.0
2020-12-21,87.59,91.64,86.52,90.71,22.0545,2492500.0,0.0,1.0
2020-12-22,91.5,93.6,91.03,93.6,22.7572,2297700.0,0.0,1.0
2020-12-23,93.75,94.98,92.64,92.79,22.5602,1599300.0,0.0,1.0
2020-12-28,92.81,95.8,92.76,95.51,23.2216,2620100.0,0.0,1.0
2020-12-29,95.5,96.06,94.0,95.47,23.2118,2222800.0,0.0,1.0
2020-12-30,95.5,96.3,93.4,94.0,22.8544,2437500.0,0.0,1.0
2021-01-04,95.0,95.5,91.65,91.91,22.3463,2276700.0,0.0,1.0
2021-01-05,91.0,92.4,89.01,90.66,22.0424,3071200.0,0.0,1.0
2021-01-06,90.89,91.37,87.18,87.52,21.88,4288800.0,0.6226,1.0
2021-01-07,87.1,90.64,86.75,90.45,22.6125,3530100.0,0.0,1.0
2021-01-08,90.99,93.0,90.78,92.31,23.0775,2654000.0,0.0,1.0
2021-01-11,90.66,92.35,87.74,88.82,22.205,2742000.0,0.0,1.0
2021-01-12,89.42,92.52,88.35,92.38,23.095,2734400.0,0.0,1.0
2021-01-13,92.41,93.94,90.34,91.26,22.815,2835600.0,0.0,1.0
2021-01-14,92.03,93.07,90.63,91.52,22.88,2309900.0,0.0,1.0
2021-01-15,90.39,91.15,88.62,88.75,22.1875,2211600.0,0.0,1.0
2021-01-18,89.37,94.5,89.37,92.27,23.0675,3704300.0,0.0,1.0
2021-01-19,93.01,97.37,92.8,95.15,23.7875,4747500.0,0.0,1.0
2021-01-20,96.0,96.2,92.86,93.9,23.475,2478400.0,0.0,1.0
2021-01-21,94.0,95.27,92.26,92.82,23.205,2939400.0,0.0,1.0
2021-01-22,92.1,94.6,91.53,92.88,23.22,5316400.0,0.0,1.0
2021-01-26,92.09,94.46,91.27,91.5,22.875,2822500.0,0.0,1.0
2021-01-27,91.0,92.2,89.52,90.1,22.525,3898000.0,0.0,1.0
2021-01-28,90.3,98.78,90.3,98.03,24.5075,4683000.0,0.0,1.0
2021-01-29,96.07,99.53,93.5,95.05,23.7625,5239600.0,0.0,1.0
2021-02-01,97.79,100.24,95.25,98.47,24.6175,3914500.0,0.0,1.0
2021-02-02,100.53,100.85,97.4,98.83,24.7075,3737800.0,0.0,1.0
2021-02-03,99.43,106.83,99.43,106.47,26.6175,6539000.0,0.0,1.0
2021-02-04,106.47,109.6,105.36,109.46,27.365,5513100.0,0.0,1.0
2021-02-05,110.01,115.16,108.1,110.0,27.5,7684600.0,0.0,1.0
2021-02-08,110.42,115.85,109.87,114.15,28.5375,4589300.0,0.0,1.0
2021-02-09,114.15,114.85,109.5,113.72,28.43,5201100.0,0.0,1.0
2021-02-10,114.0,115.15,108.0,108.75,27.1875,6718200.0,0.0,1.0
2021-02-11,109.95,112.4,109.51,111.6,27.9,3536000.0,0.0,1.0
2021-02-12,110.97,110.97,108.19,109.0,27.25,3326100.0,0.0,1.0
2021-02-17,108.04,109.86,105.9,109.32,27.33,2786900.0,0.0,1.0
2021-02-18,108.99,108.99,105.5,106.2,26.55,4250100.0,0.0,1.0
2021-02-19,106.3,107.92,105.14,106.9,26.725,2416100.0,0.0,1.0
2021-02-22,104.5,104.5,100.8,103.9,25.975,5237700.0,0.0,1.0
2021-02-23,105.15,106.99,103.45,104.92,26.23,3110000.0,0.0,1.0
2021-02-24,105.9,107.65,104.31,105.69,26.4225,3774600.0,0.0,1.0
2021-02-25,105.74,108.75,99.24,102.24,25.56,3779900.0,0.0,1.0
2021-02-26,102.9,105.78,100.16,101.64,25.41,6904400.0,0.0,1.0
2021-03-01,103.0,104.61,101.07,101.47,25.3675,3467500.0,0.0,1.0
2021-03-02,101.0,103.94,97.11,102.69,25.6725,6413500.0,0.0,1.0
2021-03-03,102.6,102.79,96.35,102.33,25.5825,6599300.0,0.0,1.0
2021-03-04,102.38,104.68,97.9,98.84,24.71,6079800.0,0.0,1.0
2021-03-05,99.01,99.47,93.83,96.85,24.2125,6369200.0,0.0,1.0
2021-03-08,94.94,95.5,88.5,89.65,22.4125,8014400.0,0.0,1.0
2021-03-09,90.79,91.32,87.31,87.78,21.945,9845500.0,0.0,1.0
2021-03-10,88.93,91.5,86.6,91.0,22.75,7867300.0,0.0,1.0
2021-03-11,92.3,94.25,90.03,93.9,23.475,5790300.0,0.0,1.0
2021-03-12,92.63,94.56,91.9,94.56,23.64,3296600.0,0.0,1.0
2021-03-15,94.57,96.0,92.75,93.2,23.3,3939800.0,0.0,1.0
2021-03-16,93.38,93.68,91.01,91.33,22.8325,2547500.0,0.0,1.0
2021-03-17,91.16,94.87,90.75,94.17,23.5425,3422000.0,0.0,1.0
2021-03-18,93.51,94.28,90.85,91.45,22.8625,2937500.0,0.0,1.0
2021-03-19,92.2,93.92,90.94,93.57,23.3925,5784500.0,0.0,1.0
2021-03-22,94.0,95.46,92.64,94.17,23.5425,1978700.0,0.0,1.0
2021-03-23,93.97,97.16,93.26,95.1,23.775,4992300.0,0.0,1.0
2021-03-24,95.6,95.64,91.74,91.8,22.95,3331000.0,0.0,1.0
2021-03-25,91.61,93.46,89.58,92.65,23.1625,3047500.0,0.0,1.0
2021-03-26,92.65,93.88,90.8,91.97,22.9925,2485900.0,0.0,1.0
2021-03-29,90.85,92.27,90.56,92.06,23.015,2166700.0,0.0,1.0
2021-03-30,91.81,98.02,91.21,97.42,24.355,4179300.0,0.0,1.0
2021-03-31,97.4,97.41,95.0,97.05,24.2625,4015600.0,0.0,1.0
2021-04-01,97.24,97.83,93.52,94.55,23.6375,3456300.0,0.0,1.0
2021-04-05,96.12,98.87,95.53,98.45,24.6125,3289300.0,0.0,1.0
2021-04-06,99.76,102.18,97.8,98.62,24.655,5079300.0,0.0,1.0
2021-04-07,98.37,100.28,97.58,98.8,24.7,2705700.0,0.0,1.0
2021-04-08,99.2,100.05,97.8,99.72,24.93,3708600.0,0.0,1.0
2021-04-09,99.03,99.71,98.08,98.55,24.6375,2457500.0,0.0,1.0
2021-04-12,98.98,99.78,98.69,99.25,24.8125,2041600.0,0.0,1.0
2021-04-13,99.03,99.51,98.0,98.6,24.65,2669700.0,0.0,1.0
2021-04-14,98.83,101.23,98.3,99.5,24.875,3351500.0,0.0,1.0
2021-04-15,99.65,100.28,98.15,99.23,24.8075,2025300.0,0.0,1.0
2021-04-16,99.77,102.4,97.84,101.14,25.285,3090100.0,0.0,1.0
2021-04-19,100.92,102.89,99.3,99.75,24.9375,3090300.0,0.0,1.0
2021-04-20,99.84,100.33,97.91,98.5,24.625,2156100.0,0.0,1.0
2021-04-22,98.87,100.12,96.99,97.59,24.3975,2883100.0,0.0,1.0
2021-04-23,97.9,101.21,97.52,99.6,24.9,3313200.0,0.0,1.0
2021-04-26,100.03,102.87,100.0,101.84,25.46,3377000.0,0.0,1.0
2021-04-27,102.0,107.24,101.56,104.64,26.16,6816700.0,0.0,1.0
2021-04-28,104.87,107.17,104.79,106.43,26.6075,3295200.0,0.0,1.0
2021-04-29,107.2,107.24,105.04,106.23,26.5575,3580200.0,0.0,1.0
2021-04-30,105.42,108.14,103.88,107.75,26.9375,5430100.0,0.0,1.0
2021-05-03,109.49,112.06,108.61,111.89,27.9725,5549800.0,0.0,1.0
2021-05-04,111.9,111.97,106.71,107.55,26.8875,4277300.0,0.0,1.0
2021-05-05,108.52,110.7,107.39,110.0,27.5,3142900.0,0.0,1.0
2021-05-06,110.0,113.15,109.3,111.78,27.945,4539300.0,0.0,1.0
2021-05-07,112.19,114.73,111.59,111.9,27.975,3505800.0,0.0,1.0
2021-05-10,113.86,114.16,110.42,112.33,28.0825,3739200.0,0.0,1.0
2021-05-11,110.89,112.99,108.3,110.27,27.5675,5723300.0,0.0,1.0
2021-05-12,108.81,111.5,107.71,108.0,27.0,5202700.0,0.0,1.0
2021-05-13,109.52,113.73,109.1,112.4,28.1,5442900.0,0.0,1.0
2021-05-14,114.05,114.72,110.7,112.3,28.075,4650200.0,0.0,1.0
2021-05-17,113.0,116.9,111.74,115.87,28.9675,4406600.0,0.0,1.0
2021-05-18,116.66,116.8,114.22,114.4,28.6,2722800.0,0.0,1.0
2021-05-19,113.05,116.49,113.0,115.66,28.915,3902200.0,0.0,1.0
2021-05-20,116.76,120.25,116.12,119.31,29.8275,5037900.0,0.0,1.0
2021-05-21,119.31,119.68,116.83,118.68,29.67,3149000.0,0.0,1.0
2021-05-24,119.11,123.53,118.96,122.57,30.6425,4937400.0,0.0,1.0
2021-05-25,123.19,125.61,121.8,121.81,30.4525,4685900.0,0.0,1.0
2021-05-26,121.0,124.8,120.7,121.0,30.25,6076900.0,0.0,1.0
2021-05-27,121.88,124.18,121.15,123.0,30.75,7710900.0,0.0,1.0
2021-05-28,123.49,123.94,121.33,122.94,30.735,2631000.0,0.0,1.0
2021-05-31,125.0,125.77,123.25,124.3,31.075,3667900.0,0.0,1.0
2021-06-01,125.79,125.79,119.61,122.0,30.5,4385900.0,0.0,1.0
2021-06-02,122.2,123.38,120.0,121.3,30.325,3955700.0,0.0,1.0
2021-06-04,120.5,122.86,120.2,122.25,30.5625,3186400.0,0.0,1.0
2021-06-07,121.67,122.79,119.2,122.18,30.545,3418200.0,0.0,1.0
2021-06-08,122.44,123.62,120.56,123.5,30.875,4621700.0,0.0,1.0
2021-06-09,123.6,123.7,120.37,121.46,30.365,3959000.0,0.0,1.0
2021-06-10,121.98,122.52,120.15,120.81,30.2025,3081200.0,0.0,1.0
2021-06-11,120.8,120.95,116.9,118.28,29.57,3088100.0,0.0,1.0
2021-06-14,118.35,119.45,117.52,118.46,29.615,2948500.0,0.0,1.0
2021-06-15,118.86,122.89,118.1,122.03,30.5075,3979400.0,0.0,1.0
2021-06-16,122.03,124.0,121.0,122.45,30.6125,5381500.0,0.0,1.0
2021-06-17,122.42,123.52,120.8,122.31,30.5775,2349900.0,0.0,1.0
2021-06-18,121.61,122.99,121.17,122.8,30.7,2603500.0,0.0,1.0
2021-06-21,122.57,122.98,120.83,122.98,30.745,2416000.0,0.0,1.0
2021-06-22,122.94,122.94,119.3,120.93,30.2325,3433000.0,0.0,1.0
2021-06-23,120.78,121.87,120.15,121.21,30.3025,2209300.0,0.0,1.0
2021-06-24,121.9,122.72,120.23,120.4,30.1,2406000.0,0.0,1.0
2021-06-25,119.9,120.89,117.33,118.27,29.5675,2864000.0,0.0,1.0
2021-06-28,119.49,123.19,119.01,121.96,30.49,4613100.0,0.0,1.0
2021-06-29,122.3,122.7,120.0,122.7,30.675,2057700.0,0.0,1.0
2021-06-30,122.5,122.5,120.42,122.06,30.515,11636800.0,0.0,1.0
2021-07-01,30.49,31.15,29.7,30.15,30.15,10440200.0,0.0,4.0
2021-07-02,30.5,31.8,30.32,31.46,31.46,13466300.0,0.0,1.0
2021-07-05,31.72,31.96,31.1,31.41,31.41,6827100.0,0.0,1.0
2021-07-06,31.36,31.67,30.43,30.72,30.72,6344000.0,0.0,1.0
2021-07-07,31.09,31.2,30.32,30.97,30.97,10997100.0,0.0,1.0
2021-07-08,30.32,30.6,29.45,30.43,30.43,9935900.0,0.0,1.0
2021-07-12,30.79,30.95,30.33,30.71,30.71,5903000.0,0.0,1.0
2021-07-13,30.6,31.35,30.25,31.15,31.15,5963400.0,0.0,1.0
2021-07-14,31.51,31.9,31.3,31.69,31.69,8635400.0,0.0,1.0
2021-07-15,31.69,32.45,31.47,32.19,32.19,11500000.0,0.0,1.0
2021-07-16,32.2,32.2,31.52,31.68,31.68,6575600.0,0.0,1.0
2021-07-19,31.11,31.48,30.63,31.16,31.16,10286900.0,0.0,1.0
2021-07-20,31.24,31.68,30.87,31.6,31.6,3843700.0,0.0,1.0
2021-07-21,31.6,31.93,31.32,31.85,31.85,3619100.0,0.0,1.0
2021-07-22,31.61,31.96,31.5,31.66,31.66,3671700.0,0.0,1.0
2021-07-23,31.79,32.03,31.41,31.68,31.68,4046600.0,0.0,1.0
2021-07-26,31.7,32.73,31.52,32.27,32.27,8295000.0,0.0,1.0
2021-07-27,32.21,32.21,31.14,31.67,31.67,10174700.0,0.0,1.0
2021-07-28,31.87,31.97,30.78,31.02,31.02,9136600.0,0.0,1.0
2021-07-29,31.15,31.5,30.31,30.65,30.65,13759300.0,0.0,1.0
2021-07-30,30.29,30.92,28.8,29.15,29.15,16747000.0,0.0,1.0
2021-08-02,29.9,30.32,29.16,29.54,29.54,14655600.0,0.0,1.0
2021-08-03,29.55,30.13,28.36,30.0,30.0,14106800.0,0.0,1.0
2021-08-04,29.9,30.06,29.4,29.82,29.6495,8701600.0,0.0,1.0
2021-08-05,30.0,30.48,29.34,29.72,29.5501,10883200.0,0.0,1.0
2021-08-06,29.82,30.22,29.12,30.07,30.07,7906300.0,0.0,1.0
2021-08-09,30.18,31.77,29.98,31.3,31.3,15961800.0,0.0,1.0
2021-08-10,32.25,32.65,30.86,31.09,31.09,19797700.0,0.0,1.0
2021-08-11,31.4,31.5,30.08,30.35,30.35,12762700.0,0.0,1.0
2021-08-12,30.2,30.46,29.35,29.47,29.47,17929700.0,0.0,1.0
2021-08-13,29.73,29.78,28.58,29.69,29.69,20168000.0,0.0,1.0
2021-08-16,29.58,29.6,28.05,28.22,28.22,17327000.0,0.0,1.0
2021-08-17,28.23,28.43,26.73,28.03,28.03,26222100.0,0.0,1.0
2021-08-18,28.11,28.53,27.3,27.5,27.5,19078100.0,0.0,1.0
2021-08-19,27.0,28.63,26.92,28.39,28.39,15120400.0,0.0,1.0
2021-08-20,28.19,28.7,27.7,28.33,28.33,9256600.0,0.0,1.0
2021-08-23,28.49,28.79,27.72,27.97,27.97,9052700.0,0.0,1.0
2021-08-24,28.3,29.19,28.3,28.66,28.66,13065500.0,0.0,1.0
2021-08-25,28.67,28.8,27.79,28.76,28.76,14538900.0,0.0,1.0
2021-08-26,28.63,29.2,27.88,28.03,28.03,13035000.0,0.0,1.0
2021-08-27,28.4,29.21,28.23,29.21,29.21,6838500.0,0.0,1.0
2021-08-30,29.27,29.32,28.58,28.74,28.74,7999900.0,0.0,1.0
2021-08-31,28.75,29.39,28.14,28.43,28.43,11702200.0,0.0,1.0
2021-09-01,28.36,28.49,27.7,27.97,27.97,11119500.0,0.0,1.0
2021-09-02,27.97,28.17,27.32,27.63,27.63,10825300.0,0.0,1.0
2021-09-03,27.79,28.05,26.86,27.48,27.48,11471400.0,0.0,1.0
2021-09-06,27.25,28.22,27.25,27.94,27.94,5798100.0,0.0,1.0
2021-09-08,27.89,27.89,26.4,26.58,26.58,12824400.0,0.0,1.0
2021-09-09,26.51,28.32,26.45,27.6,27.6,14652700.0,0.0,1.0
2021-09-10,28.18,28.29,26.75,26.93,26.93,9621300.0,0.0,1.0
2021-09-13,27.15,28.07,27.15,27.56,27.56,11983500.0,0.0,1.0
2021-09-14,27.75,28.24,27.47,27.63,27.63,5975200.0,0.0,1.0
2021-09-15,27.48,27.85,26.81,27.5,27.5,8380200.0,0.0,1.0
2021-09-16,27.16,27.48,27.02,27.34,27.34,7521000.0,0.0,1.0
2021-09-17,27.05,27.3,26.52,26.8,26.8,6384700.0,0.0,1.0
2021-09-20,25.6,26.08,25.29,25.77,25.77,13515600.0,0.0,1.0
2021-09-21,25.85,26.58,25.8,26.24,26.24,8310800.0,0.0,1.0
2021-09-22,26.67,27.74,26.37,27.24,27.24,11180600.0,0.0,1.0
2021-09-23,27.2,27.57,26.82,27.02,27.02,8480300.0,0.0,1.0
2021-09-24,26.86,26.91,26.22,26.77,26.77,9170000.0,0.0,1.0
2021-09-27,26.78,27.23,26.4,26.83,26.83,7141800.0,0.0,1.0
2021-09-28,26.4,26.58,25.31,25.64,25.64,9756900.0,0.0,1.0
2021-09-29,25.89,26.17,25.55,25.92,25.92,9032000.0,0.0,1.0
2021-09-30,26.0,26.13,24.91,25.0,25.0,12621200.0,0.0,1.0
2021-10-01,25.19,26.33,25.19,26.02,26.02,11128500.0,0.0,1.0
2021-10-04,25.35,25.47,23.87,24.72,24.72,19057900.0,0.0,1.0
2021-10-05,24.8,24.9,24.04,24.09,24.09,13975300.0,0.0,1.0
2021-10-06,23.75,24.32,22.92,24.3,24.3,20704900.0,0.0,1.0
2021-10-07,24.4,24.69,24.05,24.4,24.4,7656300.0,0.0,1.0
2021-10-08,24.68,26.17,24.67,25.57,25.57,17875200.0,0.0,1.0
